0	8	ICE_TPC_S	3	0	1	127	0	39	10	6	15	111	
1	8	ICE_TPC_S	3	0	1	80	0	38	10	7	0	112	
2	8	ICE_TPC_S	3	0	1	126	0	37	10	6	14	110	
3	8	ICE_TPC_S	3	0	1	81	0	36	10	7	1	113	
4	8	ICE_TPC_S	3	0	1	125	0	35	10	6	13	109	
5	8	ICE_TPC_S	3	0	1	82	0	34	10	7	2	114	
6	8	ICE_TPC_S	3	0	1	124	0	33	10	6	12	108	
7	8	ICE_TPC_S	3	0	1	83	0	32	10	7	3	115	
8	8	ICE_TPC_S	3	0	1	123	0	31	10	6	11	107	
9	8	ICE_TPC_S	3	0	1	84	0	30	10	7	4	116	
10	8	ICE_TPC_S	3	0	1	111	0	29	10	5	15	95	
11	8	ICE_TPC_S	3	0	1	64	0	28	10	4	0	64	
12	8	ICE_TPC_S	3	0	1	110	0	27	10	5	14	94	
13	8	ICE_TPC_S	3	0	1	65	0	26	10	4	1	65	
14	8	ICE_TPC_S	3	0	1	109	0	25	10	5	13	93	
15	8	ICE_TPC_S	3	0	1	66	0	24	10	4	2	66	
16	8	ICE_TPC_S	3	0	1	108	0	23	10	5	12	92	
17	8	ICE_TPC_S	3	0	1	67	0	22	10	4	3	67	
18	8	ICE_TPC_S	3	0	1	107	0	21	10	5	11	91	
19	8	ICE_TPC_S	3	0	1	68	0	20	10	4	4	68	
20	8	ICE_TPC_S	3	0	1	47	0	19	10	2	15	47	
21	8	ICE_TPC_S	3	0	1	0	0	18	10	3	0	48	
22	8	ICE_TPC_S	3	0	1	46	0	17	10	2	14	46	
23	8	ICE_TPC_S	3	0	1	1	0	16	10	3	1	49	
24	8	ICE_TPC_S	3	0	1	45	0	15	10	2	13	45	
25	8	ICE_TPC_S	3	0	1	2	0	14	10	3	2	50	
26	8	ICE_TPC_S	3	0	1	44	0	13	10	2	12	44	
27	8	ICE_TPC_S	3	0	1	3	0	12	10	3	3	51	
28	8	ICE_TPC_S	3	0	1	43	0	11	10	2	11	43	
29	8	ICE_TPC_S	3	0	1	4	0	10	10	3	4	52	
30	8	ICE_TPC_S	3	0	1	63	0	9	10	1	15	31	
31	8	ICE_TPC_S	3	0	1	16	0	8	10	0	0	0	
32	8	ICE_TPC_S	3	0	1	62	0	7	10	1	14	30	
33	8	ICE_TPC_S	3	0	1	17	0	6	10	0	1	1	
34	8	ICE_TPC_S	3	0	1	61	0	5	10	1	13	29	
35	8	ICE_TPC_S	3	0	1	18	0	4	10	0	2	2	
36	8	ICE_TPC_S	3	0	1	60	0	3	10	1	12	28	
37	8	ICE_TPC_S	3	0	1	19	0	2	10	0	3	3	
38	8	ICE_TPC_S	3	0	1	59	0	1	10	1	11	27	
39	8	ICE_TPC_S	3	0	1	20	0	0	10	0	4	4	
40	8	ICE_TPC_S	3	0	0	127	0	39	9	6	15	239	
41	8	ICE_TPC_S	3	0	0	80	0	38	9	7	0	240	
42	8	ICE_TPC_S	3	0	0	126	0	37	9	6	14	238	
43	8	ICE_TPC_S	3	0	0	81	0	36	9	7	1	241	
44	8	ICE_TPC_S	3	0	0	125	0	35	9	6	13	237	
45	8	ICE_TPC_S	3	0	0	82	0	34	9	7	2	242	
46	8	ICE_TPC_S	3	0	0	124	0	33	9	6	12	236	
47	8	ICE_TPC_S	3	0	0	83	0	32	9	7	3	243	
48	8	ICE_TPC_S	3	0	0	123	0	31	9	6	11	235	
49	8	ICE_TPC_S	3	0	0	84	0	30	9	7	4	244	
50	8	ICE_TPC_S	3	0	0	111	0	29	9	5	15	223	
51	8	ICE_TPC_S	3	0	0	64	0	28	9	4	0	192	
52	8	ICE_TPC_S	3	0	0	110	0	27	9	5	14	222	
53	8	ICE_TPC_S	3	0	0	65	0	26	9	4	1	193	
54	8	ICE_TPC_S	3	0	0	109	0	25	9	5	13	221	
55	8	ICE_TPC_S	3	0	0	66	0	24	9	4	2	194	
56	8	ICE_TPC_S	3	0	0	108	0	23	9	5	12	220	
57	8	ICE_TPC_S	3	0	0	67	0	22	9	4	3	195	
58	8	ICE_TPC_S	3	0	0	107	0	21	9	5	11	219	
59	8	ICE_TPC_S	3	0	0	68	0	20	9	4	4	196	
60	8	ICE_TPC_S	3	0	0	47	0	19	9	2	15	175	
61	8	ICE_TPC_S	3	0	0	0	0	18	9	3	0	176	
62	8	ICE_TPC_S	3	0	0	46	0	17	9	2	14	174	
63	8	ICE_TPC_S	3	0	0	1	0	16	9	3	1	177	
64	8	ICE_TPC_S	3	0	0	45	0	15	9	2	13	173	
65	8	ICE_TPC_S	3	0	0	2	0	14	9	3	2	178	
66	8	ICE_TPC_S	3	0	0	44	0	13	9	2	12	172	
67	8	ICE_TPC_S	3	0	0	3	0	12	9	3	3	179	
68	8	ICE_TPC_S	3	0	0	43	0	11	9	2	11	171	
69	8	ICE_TPC_S	3	0	0	4	0	10	9	3	4	180	
70	8	ICE_TPC_S	3	0	0	63	0	9	9	1	15	159	
71	8	ICE_TPC_S	3	0	0	16	0	8	9	0	0	128	
72	8	ICE_TPC_S	3	0	0	62	0	7	9	1	14	158	
73	8	ICE_TPC_S	3	0	0	17	0	6	9	0	1	129	
74	8	ICE_TPC_S	3	0	0	61	0	5	9	1	13	157	
75	8	ICE_TPC_S	3	0	0	18	0	4	9	0	2	130	
76	8	ICE_TPC_S	3	0	0	60	0	3	9	1	12	156	
77	8	ICE_TPC_S	3	0	0	19	0	2	9	0	3	131	
78	8	ICE_TPC_S	3	0	0	59	0	1	9	1	11	155	
79	8	ICE_TPC_S	3	0	0	20	0	0	9	0	4	132	
80	8	ICE_TPC_S	4	0	1	127	0	39	8	6	15	111	
81	8	ICE_TPC_S	4	0	1	80	0	38	8	7	0	112	
82	8	ICE_TPC_S	4	0	1	126	0	37	8	6	14	110	
83	8	ICE_TPC_S	4	0	1	81	0	36	8	7	1	113	
84	8	ICE_TPC_S	4	0	1	125	0	35	8	6	13	109	
85	8	ICE_TPC_S	4	0	1	82	0	34	8	7	2	114	
86	8	ICE_TPC_S	4	0	1	124	0	33	8	6	12	108	
87	8	ICE_TPC_S	4	0	1	83	0	32	8	7	3	115	
88	8	ICE_TPC_S	4	0	1	123	0	31	8	6	11	107	
89	8	ICE_TPC_S	4	0	1	84	0	30	8	7	4	116	
90	8	ICE_TPC_S	4	0	1	111	0	29	8	5	15	95	
91	8	ICE_TPC_S	4	0	1	64	0	28	8	4	0	64	
92	8	ICE_TPC_S	4	0	1	110	0	27	8	5	14	94	
93	8	ICE_TPC_S	4	0	1	65	0	26	8	4	1	65	
94	8	ICE_TPC_S	4	0	1	109	0	25	8	5	13	93	
95	8	ICE_TPC_S	4	0	1	66	0	24	8	4	2	66	
96	8	ICE_TPC_S	4	0	1	108	0	23	8	5	12	92	
97	8	ICE_TPC_S	4	0	1	67	0	22	8	4	3	67	
98	8	ICE_TPC_S	4	0	1	107	0	21	8	5	11	91	
99	8	ICE_TPC_S	4	0	1	68	0	20	8	4	4	68	
100	8	ICE_TPC_S	4	0	1	47	0	19	8	2	15	47	
101	8	ICE_TPC_S	4	0	1	0	0	18	8	3	0	48	
102	8	ICE_TPC_S	4	0	1	46	0	17	8	2	14	46	
103	8	ICE_TPC_S	4	0	1	1	0	16	8	3	1	49	
104	8	ICE_TPC_S	4	0	1	45	0	15	8	2	13	45	
105	8	ICE_TPC_S	4	0	1	2	0	14	8	3	2	50	
106	8	ICE_TPC_S	4	0	1	44	0	13	8	2	12	44	
107	8	ICE_TPC_S	4	0	1	3	0	12	8	3	3	51	
108	8	ICE_TPC_S	4	0	1	43	0	11	8	2	11	43	
109	8	ICE_TPC_S	4	0	1	4	0	10	8	3	4	52	
110	8	ICE_TPC_S	4	0	1	63	0	9	8	1	15	31	
111	8	ICE_TPC_S	4	0	1	16	0	8	8	0	0	0	
112	8	ICE_TPC_S	4	0	1	62	0	7	8	1	14	30	
113	8	ICE_TPC_S	4	0	1	17	0	6	8	0	1	1	
114	8	ICE_TPC_S	4	0	1	61	0	5	8	1	13	29	
115	8	ICE_TPC_S	4	0	1	18	0	4	8	0	2	2	
116	8	ICE_TPC_S	4	0	1	60	0	3	8	1	12	28	
117	8	ICE_TPC_S	4	0	1	19	0	2	8	0	3	3	
118	8	ICE_TPC_S	4	0	1	59	0	1	8	1	11	27	
119	8	ICE_TPC_S	4	0	1	20	0	0	8	0	4	4	
120	8	ICE_TPC_S	4	0	0	127	0	39	7	6	15	239	
121	8	ICE_TPC_S	4	0	0	80	0	38	7	7	0	240	
122	8	ICE_TPC_S	4	0	0	126	0	37	7	6	14	238	
123	8	ICE_TPC_S	4	0	0	81	0	36	7	7	1	241	
124	8	ICE_TPC_S	4	0	0	125	0	35	7	6	13	237	
125	8	ICE_TPC_S	4	0	0	82	0	34	7	7	2	242	
126	8	ICE_TPC_S	4	0	0	124	0	33	7	6	12	236	
127	8	ICE_TPC_S	4	0	0	83	0	32	7	7	3	243	
128	8	ICE_TPC_S	4	0	0	123	0	31	7	6	11	235	
129	8	ICE_TPC_S	4	0	0	84	0	30	7	7	4	244	
130	8	ICE_TPC_S	4	0	0	111	0	29	7	5	15	223	
131	8	ICE_TPC_S	4	0	0	64	0	28	7	4	0	192	
132	8	ICE_TPC_S	4	0	0	110	0	27	7	5	14	222	
133	8	ICE_TPC_S	4	0	0	65	0	26	7	4	1	193	
134	8	ICE_TPC_S	4	0	0	109	0	25	7	5	13	221	
135	8	ICE_TPC_S	4	0	0	66	0	24	7	4	2	194	
136	8	ICE_TPC_S	4	0	0	108	0	23	7	5	12	220	
137	8	ICE_TPC_S	4	0	0	67	0	22	7	4	3	195	
138	8	ICE_TPC_S	4	0	0	107	0	21	7	5	11	219	
139	8	ICE_TPC_S	4	0	0	68	0	20	7	4	4	196	
140	8	ICE_TPC_S	4	0	0	47	0	19	7	2	15	175	
141	8	ICE_TPC_S	4	0	0	0	0	18	7	3	0	176	
142	8	ICE_TPC_S	4	0	0	46	0	17	7	2	14	174	
143	8	ICE_TPC_S	4	0	0	1	0	16	7	3	1	177	
144	8	ICE_TPC_S	4	0	0	45	0	15	7	2	13	173	
145	8	ICE_TPC_S	4	0	0	2	0	14	7	3	2	178	
146	8	ICE_TPC_S	4	0	0	44	0	13	7	2	12	172	
147	8	ICE_TPC_S	4	0	0	3	0	12	7	3	3	179	
148	8	ICE_TPC_S	4	0	0	43	0	11	7	2	11	171	
149	8	ICE_TPC_S	4	0	0	4	0	10	7	3	4	180	
150	8	ICE_TPC_S	4	0	0	63	0	9	7	1	15	159	
151	8	ICE_TPC_S	4	0	0	16	0	8	7	0	0	128	
152	8	ICE_TPC_S	4	0	0	62	0	7	7	1	14	158	
153	8	ICE_TPC_S	4	0	0	17	0	6	7	0	1	129	
154	8	ICE_TPC_S	4	0	0	61	0	5	7	1	13	157	
155	8	ICE_TPC_S	4	0	0	18	0	4	7	0	2	130	
156	8	ICE_TPC_S	4	0	0	60	0	3	7	1	12	156	
157	8	ICE_TPC_S	4	0	0	19	0	2	7	0	3	131	
158	8	ICE_TPC_S	4	0	0	59	0	1	7	1	11	155	
159	8	ICE_TPC_S	4	0	0	20	0	0	7	0	4	132	
160	8	ICE_TPC_S	5	0	1	127	0	39	6	6	15	111	
161	8	ICE_TPC_S	5	0	1	80	0	38	6	7	0	112	
162	8	ICE_TPC_S	5	0	1	126	0	37	6	6	14	110	
163	8	ICE_TPC_S	5	0	1	81	0	36	6	7	1	113	
164	8	ICE_TPC_S	5	0	1	125	0	35	6	6	13	109	
165	8	ICE_TPC_S	5	0	1	82	0	34	6	7	2	114	
166	8	ICE_TPC_S	5	0	1	124	0	33	6	6	12	108	
167	8	ICE_TPC_S	5	0	1	83	0	32	6	7	3	115	
168	8	ICE_TPC_S	5	0	1	123	0	31	6	6	11	107	
169	8	ICE_TPC_S	5	0	1	84	0	30	6	7	4	116	
170	8	ICE_TPC_S	5	0	1	111	0	29	6	5	15	95	
171	8	ICE_TPC_S	5	0	1	64	0	28	6	4	0	64	
172	8	ICE_TPC_S	5	0	1	110	0	27	6	5	14	94	
173	8	ICE_TPC_S	5	0	1	65	0	26	6	4	1	65	
174	8	ICE_TPC_S	5	0	1	109	0	25	6	5	13	93	
175	8	ICE_TPC_S	5	0	1	66	0	24	6	4	2	66	
176	8	ICE_TPC_S	5	0	1	108	0	23	6	5	12	92	
177	8	ICE_TPC_S	5	0	1	67	0	22	6	4	3	67	
178	8	ICE_TPC_S	5	0	1	107	0	21	6	5	11	91	
179	8	ICE_TPC_S	5	0	1	68	0	20	6	4	4	68	
180	8	ICE_TPC_S	5	0	1	47	0	19	6	2	15	47	
181	8	ICE_TPC_S	5	0	1	0	0	18	6	3	0	48	
182	8	ICE_TPC_S	5	0	1	46	0	17	6	2	14	46	
183	8	ICE_TPC_S	5	0	1	1	0	16	6	3	1	49	
184	8	ICE_TPC_S	5	0	1	45	0	15	6	2	13	45	
185	8	ICE_TPC_S	5	0	1	2	0	14	6	3	2	50	
186	8	ICE_TPC_S	5	0	1	44	0	13	6	2	12	44	
187	8	ICE_TPC_S	5	0	1	3	0	12	6	3	3	51	
188	8	ICE_TPC_S	5	0	1	43	0	11	6	2	11	43	
189	8	ICE_TPC_S	5	0	1	4	0	10	6	3	4	52	
190	8	ICE_TPC_S	5	0	1	63	0	9	6	1	15	31	
191	8	ICE_TPC_S	5	0	1	16	0	8	6	0	0	0	
192	8	ICE_TPC_S	5	0	1	62	0	7	6	1	14	30	
193	8	ICE_TPC_S	5	0	1	17	0	6	6	0	1	1	
194	8	ICE_TPC_S	5	0	1	61	0	5	6	1	13	29	
195	8	ICE_TPC_S	5	0	1	18	0	4	6	0	2	2	
196	8	ICE_TPC_S	5	0	1	60	0	3	6	1	12	28	
197	8	ICE_TPC_S	5	0	1	19	0	2	6	0	3	3	
198	8	ICE_TPC_S	5	0	1	59	0	1	6	1	11	27	
199	8	ICE_TPC_S	5	0	1	20	0	0	6	0	4	4	
200	8	ICE_TPC_N	5	1	1	127	0	39	5	6	15	239	
201	8	ICE_TPC_N	5	1	1	80	0	38	5	7	0	240	
202	8	ICE_TPC_N	5	1	1	126	0	37	5	6	14	238	
203	8	ICE_TPC_N	5	1	1	81	0	36	5	7	1	241	
204	8	ICE_TPC_N	5	1	1	125	0	35	5	6	13	237	
205	8	ICE_TPC_N	5	1	1	82	0	34	5	7	2	242	
206	8	ICE_TPC_N	5	1	1	124	0	33	5	6	12	236	
207	8	ICE_TPC_N	5	1	1	83	0	32	5	7	3	243	
208	8	ICE_TPC_N	5	1	1	123	0	31	5	6	11	235	
209	8	ICE_TPC_N	5	1	1	84	0	30	5	7	4	244	
210	8	ICE_TPC_N	5	1	1	111	0	29	5	5	15	223	
211	8	ICE_TPC_N	5	1	1	64	0	28	5	4	0	192	
212	8	ICE_TPC_N	5	1	1	110	0	27	5	5	14	222	
213	8	ICE_TPC_N	5	1	1	65	0	26	5	4	1	193	
214	8	ICE_TPC_N	5	1	1	109	0	25	5	5	13	221	
215	8	ICE_TPC_N	5	1	1	66	0	24	5	4	2	194	
216	8	ICE_TPC_N	5	1	1	108	0	23	5	5	12	220	
217	8	ICE_TPC_N	5	1	1	67	0	22	5	4	3	195	
218	8	ICE_TPC_N	5	1	1	107	0	21	5	5	11	219	
219	8	ICE_TPC_N	5	1	1	68	0	20	5	4	4	196	
220	8	ICE_TPC_N	5	1	1	47	0	19	5	2	15	175	
221	8	ICE_TPC_N	5	1	1	0	0	18	5	3	0	176	
222	8	ICE_TPC_N	5	1	1	46	0	17	5	2	14	174	
223	8	ICE_TPC_N	5	1	1	1	0	16	5	3	1	177	
224	8	ICE_TPC_N	5	1	1	45	0	15	5	2	13	173	
225	8	ICE_TPC_N	5	1	1	2	0	14	5	3	2	178	
226	8	ICE_TPC_N	5	1	1	44	0	13	5	2	12	172	
227	8	ICE_TPC_N	5	1	1	3	0	12	5	3	3	179	
228	8	ICE_TPC_N	5	1	1	43	0	11	5	2	11	171	
229	8	ICE_TPC_N	5	1	1	4	0	10	5	3	4	180	
230	8	ICE_TPC_N	5	1	1	63	0	9	5	1	15	159	
231	8	ICE_TPC_N	5	1	1	16	0	8	5	0	0	128	
232	8	ICE_TPC_N	5	1	1	62	0	7	5	1	14	158	
233	8	ICE_TPC_N	5	1	1	17	0	6	5	0	1	129	
234	8	ICE_TPC_N	5	1	1	61	0	5	5	1	13	157	
235	8	ICE_TPC_N	5	1	1	18	0	4	5	0	2	130	
236	8	ICE_TPC_N	5	1	1	60	0	3	5	1	12	156	
237	8	ICE_TPC_N	5	1	1	19	0	2	5	0	3	131	
238	8	ICE_TPC_N	5	1	1	59	0	1	5	1	11	155	
239	8	ICE_TPC_N	5	1	1	20	0	0	5	0	4	132	
240	8	ICE_TPC_N	4	1	1	127	0	39	4	6	15	111	
241	8	ICE_TPC_N	4	1	1	80	0	38	4	7	0	112	
242	8	ICE_TPC_N	4	1	1	126	0	37	4	6	14	110	
243	8	ICE_TPC_N	4	1	1	81	0	36	4	7	1	113	
244	8	ICE_TPC_N	4	1	1	125	0	35	4	6	13	109	
245	8	ICE_TPC_N	4	1	1	82	0	34	4	7	2	114	
246	8	ICE_TPC_N	4	1	1	124	0	33	4	6	12	108	
247	8	ICE_TPC_N	4	1	1	83	0	32	4	7	3	115	
248	8	ICE_TPC_N	4	1	1	123	0	31	4	6	11	107	
249	8	ICE_TPC_N	4	1	1	84	0	30	4	7	4	116	
250	8	ICE_TPC_N	4	1	1	111	0	29	4	5	15	95	
251	8	ICE_TPC_N	4	1	1	64	0	28	4	4	0	64	
252	8	ICE_TPC_N	4	1	1	110	0	27	4	5	14	94	
253	8	ICE_TPC_N	4	1	1	65	0	26	4	4	1	65	
254	8	ICE_TPC_N	4	1	1	109	0	25	4	5	13	93	
255	8	ICE_TPC_N	4	1	1	66	0	24	4	4	2	66	
256	8	ICE_TPC_N	4	1	1	108	0	23	4	5	12	92	
257	8	ICE_TPC_N	4	1	1	67	0	22	4	4	3	67	
258	8	ICE_TPC_N	4	1	1	107	0	21	4	5	11	91	
259	8	ICE_TPC_N	4	1	1	68	0	20	4	4	4	68	
260	8	ICE_TPC_N	4	1	1	47	0	19	4	2	15	47	
261	8	ICE_TPC_N	4	1	1	0	0	18	4	3	0	48	
262	8	ICE_TPC_N	4	1	1	46	0	17	4	2	14	46	
263	8	ICE_TPC_N	4	1	1	1	0	16	4	3	1	49	
264	8	ICE_TPC_N	4	1	1	45	0	15	4	2	13	45	
265	8	ICE_TPC_N	4	1	1	2	0	14	4	3	2	50	
266	8	ICE_TPC_N	4	1	1	44	0	13	4	2	12	44	
267	8	ICE_TPC_N	4	1	1	3	0	12	4	3	3	51	
268	8	ICE_TPC_N	4	1	1	43	0	11	4	2	11	43	
269	8	ICE_TPC_N	4	1	1	4	0	10	4	3	4	52	
270	8	ICE_TPC_N	4	1	1	63	0	9	4	1	15	31	
271	8	ICE_TPC_N	4	1	1	16	0	8	4	0	0	0	
272	8	ICE_TPC_N	4	1	1	62	0	7	4	1	14	30	
273	8	ICE_TPC_N	4	1	1	17	0	6	4	0	1	1	
274	8	ICE_TPC_N	4	1	1	61	0	5	4	1	13	29	
275	8	ICE_TPC_N	4	1	1	18	0	4	4	0	2	2	
276	8	ICE_TPC_N	4	1	1	60	0	3	4	1	12	28	
277	8	ICE_TPC_N	4	1	1	19	0	2	4	0	3	3	
278	8	ICE_TPC_N	4	1	1	59	0	1	4	1	11	27	
279	8	ICE_TPC_N	4	1	1	20	0	0	4	0	4	4	
280	8	ICE_TPC_N	4	1	0	127	0	39	3	6	15	239	
281	8	ICE_TPC_N	4	1	0	80	0	38	3	7	0	240	
282	8	ICE_TPC_N	4	1	0	126	0	37	3	6	14	238	
283	8	ICE_TPC_N	4	1	0	81	0	36	3	7	1	241	
284	8	ICE_TPC_N	4	1	0	125	0	35	3	6	13	237	
285	8	ICE_TPC_N	4	1	0	82	0	34	3	7	2	242	
286	8	ICE_TPC_N	4	1	0	124	0	33	3	6	12	236	
287	8	ICE_TPC_N	4	1	0	83	0	32	3	7	3	243	
288	8	ICE_TPC_N	4	1	0	123	0	31	3	6	11	235	
289	8	ICE_TPC_N	4	1	0	84	0	30	3	7	4	244	
290	8	ICE_TPC_N	4	1	0	111	0	29	3	5	15	223	
291	8	ICE_TPC_N	4	1	0	64	0	28	3	4	0	192	
292	8	ICE_TPC_N	4	1	0	110	0	27	3	5	14	222	
293	8	ICE_TPC_N	4	1	0	65	0	26	3	4	1	193	
294	8	ICE_TPC_N	4	1	0	109	0	25	3	5	13	221	
295	8	ICE_TPC_N	4	1	0	66	0	24	3	4	2	194	
296	8	ICE_TPC_N	4	1	0	108	0	23	3	5	12	220	
297	8	ICE_TPC_N	4	1	0	67	0	22	3	4	3	195	
298	8	ICE_TPC_N	4	1	0	107	0	21	3	5	11	219	
299	8	ICE_TPC_N	4	1	0	68	0	20	3	4	4	196	
300	8	ICE_TPC_N	4	1	0	47	0	19	3	2	15	175	
301	8	ICE_TPC_N	4	1	0	0	0	18	3	3	0	176	
302	8	ICE_TPC_N	4	1	0	46	0	17	3	2	14	174	
303	8	ICE_TPC_N	4	1	0	1	0	16	3	3	1	177	
304	8	ICE_TPC_N	4	1	0	45	0	15	3	2	13	173	
305	8	ICE_TPC_N	4	1	0	2	0	14	3	3	2	178	
306	8	ICE_TPC_N	4	1	0	44	0	13	3	2	12	172	
307	8	ICE_TPC_N	4	1	0	3	0	12	3	3	3	179	
308	8	ICE_TPC_N	4	1	0	43	0	11	3	2	11	171	
309	8	ICE_TPC_N	4	1	0	4	0	10	3	3	4	180	
310	8	ICE_TPC_N	4	1	0	63	0	9	3	1	15	159	
311	8	ICE_TPC_N	4	1	0	16	0	8	3	0	0	128	
312	8	ICE_TPC_N	4	1	0	62	0	7	3	1	14	158	
313	8	ICE_TPC_N	4	1	0	17	0	6	3	0	1	129	
314	8	ICE_TPC_N	4	1	0	61	0	5	3	1	13	157	
315	8	ICE_TPC_N	4	1	0	18	0	4	3	0	2	130	
316	8	ICE_TPC_N	4	1	0	60	0	3	3	1	12	156	
317	8	ICE_TPC_N	4	1	0	19	0	2	3	0	3	131	
318	8	ICE_TPC_N	4	1	0	59	0	1	3	1	11	155	
319	8	ICE_TPC_N	4	1	0	20	0	0	3	0	4	132	
320	8	ICE_TPC_N	3	1	1	127	0	39	2	6	15	111	
321	8	ICE_TPC_N	3	1	1	80	0	38	2	7	0	112	
322	8	ICE_TPC_N	3	1	1	126	0	37	2	6	14	110	
323	8	ICE_TPC_N	3	1	1	81	0	36	2	7	1	113	
324	8	ICE_TPC_N	3	1	1	125	0	35	2	6	13	109	
325	8	ICE_TPC_N	3	1	1	82	0	34	2	7	2	114	
326	8	ICE_TPC_N	3	1	1	124	0	33	2	6	12	108	
327	8	ICE_TPC_N	3	1	1	83	0	32	2	7	3	115	
328	8	ICE_TPC_N	3	1	1	123	0	31	2	6	11	107	
329	8	ICE_TPC_N	3	1	1	84	0	30	2	7	4	116	
330	8	ICE_TPC_N	3	1	1	111	0	29	2	5	15	95	
331	8	ICE_TPC_N	3	1	1	64	0	28	2	4	0	64	
332	8	ICE_TPC_N	3	1	1	110	0	27	2	5	14	94	
333	8	ICE_TPC_N	3	1	1	65	0	26	2	4	1	65	
334	8	ICE_TPC_N	3	1	1	109	0	25	2	5	13	93	
335	8	ICE_TPC_N	3	1	1	66	0	24	2	4	2	66	
336	8	ICE_TPC_N	3	1	1	108	0	23	2	5	12	92	
337	8	ICE_TPC_N	3	1	1	67	0	22	2	4	3	67	
338	8	ICE_TPC_N	3	1	1	107	0	21	2	5	11	91	
339	8	ICE_TPC_N	3	1	1	68	0	20	2	4	4	68	
340	8	ICE_TPC_N	3	1	1	47	0	19	2	2	15	47	
341	8	ICE_TPC_N	3	1	1	0	0	18	2	3	0	48	
342	8	ICE_TPC_N	3	1	1	46	0	17	2	2	14	46	
343	8	ICE_TPC_N	3	1	1	1	0	16	2	3	1	49	
344	8	ICE_TPC_N	3	1	1	45	0	15	2	2	13	45	
345	8	ICE_TPC_N	3	1	1	2	0	14	2	3	2	50	
346	8	ICE_TPC_N	3	1	1	44	0	13	2	2	12	44	
347	8	ICE_TPC_N	3	1	1	3	0	12	2	3	3	51	
348	8	ICE_TPC_N	3	1	1	43	0	11	2	2	11	43	
349	8	ICE_TPC_N	3	1	1	4	0	10	2	3	4	52	
350	8	ICE_TPC_N	3	1	1	63	0	9	2	1	15	31	
351	8	ICE_TPC_N	3	1	1	16	0	8	2	0	0	0	
352	8	ICE_TPC_N	3	1	1	62	0	7	2	1	14	30	
353	8	ICE_TPC_N	3	1	1	17	0	6	2	0	1	1	
354	8	ICE_TPC_N	3	1	1	61	0	5	2	1	13	29	
355	8	ICE_TPC_N	3	1	1	18	0	4	2	0	2	2	
356	8	ICE_TPC_N	3	1	1	60	0	3	2	1	12	28	
357	8	ICE_TPC_N	3	1	1	19	0	2	2	0	3	3	
358	8	ICE_TPC_N	3	1	1	59	0	1	2	1	11	27	
359	8	ICE_TPC_N	3	1	1	20	0	0	2	0	4	4	
360	8	ICE_TPC_N	3	1	0	127	0	39	1	6	15	239	
361	8	ICE_TPC_N	3	1	0	80	0	38	1	7	0	240	
362	8	ICE_TPC_N	3	1	0	126	0	37	1	6	14	238	
363	8	ICE_TPC_N	3	1	0	81	0	36	1	7	1	241	
364	8	ICE_TPC_N	3	1	0	125	0	35	1	6	13	237	
365	8	ICE_TPC_N	3	1	0	82	0	34	1	7	2	242	
366	8	ICE_TPC_N	3	1	0	124	0	33	1	6	12	236	
367	8	ICE_TPC_N	3	1	0	83	0	32	1	7	3	243	
368	8	ICE_TPC_N	3	1	0	123	0	31	1	6	11	235	
369	8	ICE_TPC_N	3	1	0	84	0	30	1	7	4	244	
370	8	ICE_TPC_N	3	1	0	111	0	29	1	5	15	223	
371	8	ICE_TPC_N	3	1	0	64	0	28	1	4	0	192	
372	8	ICE_TPC_N	3	1	0	110	0	27	1	5	14	222	
373	8	ICE_TPC_N	3	1	0	65	0	26	1	4	1	193	
374	8	ICE_TPC_N	3	1	0	109	0	25	1	5	13	221	
375	8	ICE_TPC_N	3	1	0	66	0	24	1	4	2	194	
376	8	ICE_TPC_N	3	1	0	108	0	23	1	5	12	220	
377	8	ICE_TPC_N	3	1	0	67	0	22	1	4	3	195	
378	8	ICE_TPC_N	3	1	0	107	0	21	1	5	11	219	
379	8	ICE_TPC_N	3	1	0	68	0	20	1	4	4	196	
380	8	ICE_TPC_N	3	1	0	47	0	19	1	2	15	175	
381	8	ICE_TPC_N	3	1	0	0	0	18	1	3	0	176	
382	8	ICE_TPC_N	3	1	0	46	0	17	1	2	14	174	
383	8	ICE_TPC_N	3	1	0	1	0	16	1	3	1	177	
384	8	ICE_TPC_N	3	1	0	45	0	15	1	2	13	173	
385	8	ICE_TPC_N	3	1	0	2	0	14	1	3	2	178	
386	8	ICE_TPC_N	3	1	0	44	0	13	1	2	12	172	
387	8	ICE_TPC_N	3	1	0	3	0	12	1	3	3	179	
388	8	ICE_TPC_N	3	1	0	43	0	11	1	2	11	171	
389	8	ICE_TPC_N	3	1	0	4	0	10	1	3	4	180	
390	8	ICE_TPC_N	3	1	0	63	0	9	1	1	15	159	
391	8	ICE_TPC_N	3	1	0	16	0	8	1	0	0	128	
392	8	ICE_TPC_N	3	1	0	62	0	7	1	1	14	158	
393	8	ICE_TPC_N	3	1	0	17	0	6	1	0	1	129	
394	8	ICE_TPC_N	3	1	0	61	0	5	1	1	13	157	
395	8	ICE_TPC_N	3	1	0	18	0	4	1	0	2	130	
396	8	ICE_TPC_N	3	1	0	60	0	3	1	1	12	156	
397	8	ICE_TPC_N	3	1	0	19	0	2	1	0	3	131	
398	8	ICE_TPC_N	3	1	0	59	0	1	1	1	11	155	
399	8	ICE_TPC_N	3	1	0	20	0	0	1	0	4	132	
400	8	ICE_TPC_N	3	1	0	25	1	0	1	0	9	137	
401	8	ICE_TPC_N	3	1	0	54	1	1	1	1	6	150	
402	8	ICE_TPC_N	3	1	0	24	1	2	1	0	8	136	
403	8	ICE_TPC_N	3	1	0	55	1	3	1	1	7	151	
404	8	ICE_TPC_N	3	1	0	23	1	4	1	0	7	135	
405	8	ICE_TPC_N	3	1	0	56	1	5	1	1	8	152	
406	8	ICE_TPC_N	3	1	0	22	1	6	1	0	6	134	
407	8	ICE_TPC_N	3	1	0	57	1	7	1	1	9	153	
408	8	ICE_TPC_N	3	1	0	21	1	8	1	0	5	133	
409	8	ICE_TPC_N	3	1	0	58	1	9	1	1	10	154	
410	8	ICE_TPC_N	3	1	0	9	1	10	1	3	9	185	
411	8	ICE_TPC_N	3	1	0	38	1	11	1	2	6	166	
412	8	ICE_TPC_N	3	1	0	8	1	12	1	3	8	184	
413	8	ICE_TPC_N	3	1	0	39	1	13	1	2	7	167	
414	8	ICE_TPC_N	3	1	0	7	1	14	1	3	7	183	
415	8	ICE_TPC_N	3	1	0	40	1	15	1	2	8	168	
416	8	ICE_TPC_N	3	1	0	6	1	16	1	3	6	182	
417	8	ICE_TPC_N	3	1	0	41	1	17	1	2	9	169	
418	8	ICE_TPC_N	3	1	0	5	1	18	1	3	5	181	
419	8	ICE_TPC_N	3	1	0	42	1	19	1	2	10	170	
420	8	ICE_TPC_N	3	1	0	73	1	20	1	4	9	201	
421	8	ICE_TPC_N	3	1	0	102	1	21	1	5	6	214	
422	8	ICE_TPC_N	3	1	0	72	1	22	1	4	8	200	
423	8	ICE_TPC_N	3	1	0	103	1	23	1	5	7	215	
424	8	ICE_TPC_N	3	1	0	71	1	24	1	4	7	199	
425	8	ICE_TPC_N	3	1	0	104	1	25	1	5	8	216	
426	8	ICE_TPC_N	3	1	0	70	1	26	1	4	6	198	
427	8	ICE_TPC_N	3	1	0	105	1	27	1	5	9	217	
428	8	ICE_TPC_N	3	1	0	69	1	28	1	4	5	197	
429	8	ICE_TPC_N	3	1	0	106	1	29	1	5	10	218	
430	8	ICE_TPC_N	3	1	0	89	1	30	1	7	9	249	
431	8	ICE_TPC_N	3	1	0	118	1	31	1	6	6	230	
432	8	ICE_TPC_N	3	1	0	88	1	32	1	7	8	248	
433	8	ICE_TPC_N	3	1	0	119	1	33	1	6	7	231	
434	8	ICE_TPC_N	3	1	0	87	1	34	1	7	7	247	
435	8	ICE_TPC_N	3	1	0	120	1	35	1	6	8	232	
436	8	ICE_TPC_N	3	1	0	86	1	36	1	7	6	246	
437	8	ICE_TPC_N	3	1	0	121	1	37	1	6	9	233	
438	8	ICE_TPC_N	3	1	0	85	1	38	1	7	5	245	
439	8	ICE_TPC_N	3	1	0	122	1	39	1	6	10	234	
440	8	ICE_TPC_N	3	1	1	25	1	0	2	0	9	9	
441	8	ICE_TPC_N	3	1	1	54	1	1	2	1	6	22	
442	8	ICE_TPC_N	3	1	1	24	1	2	2	0	8	8	
443	8	ICE_TPC_N	3	1	1	55	1	3	2	1	7	23	
444	8	ICE_TPC_N	3	1	1	23	1	4	2	0	7	7	
445	8	ICE_TPC_N	3	1	1	56	1	5	2	1	8	24	
446	8	ICE_TPC_N	3	1	1	22	1	6	2	0	6	6	
447	8	ICE_TPC_N	3	1	1	57	1	7	2	1	9	25	
448	8	ICE_TPC_N	3	1	1	21	1	8	2	0	5	5	
449	8	ICE_TPC_N	3	1	1	58	1	9	2	1	10	26	
450	8	ICE_TPC_N	3	1	1	9	1	10	2	3	9	57	
451	8	ICE_TPC_N	3	1	1	38	1	11	2	2	6	38	
452	8	ICE_TPC_N	3	1	1	8	1	12	2	3	8	56	
453	8	ICE_TPC_N	3	1	1	39	1	13	2	2	7	39	
454	8	ICE_TPC_N	3	1	1	7	1	14	2	3	7	55	
455	8	ICE_TPC_N	3	1	1	40	1	15	2	2	8	40	
456	8	ICE_TPC_N	3	1	1	6	1	16	2	3	6	54	
457	8	ICE_TPC_N	3	1	1	41	1	17	2	2	9	41	
458	8	ICE_TPC_N	3	1	1	5	1	18	2	3	5	53	
459	8	ICE_TPC_N	3	1	1	42	1	19	2	2	10	42	
460	8	ICE_TPC_N	3	1	1	73	1	20	2	4	9	73	
461	8	ICE_TPC_N	3	1	1	102	1	21	2	5	6	86	
462	8	ICE_TPC_N	3	1	1	72	1	22	2	4	8	72	
463	8	ICE_TPC_N	3	1	1	103	1	23	2	5	7	87	
464	8	ICE_TPC_N	3	1	1	71	1	24	2	4	7	71	
465	8	ICE_TPC_N	3	1	1	104	1	25	2	5	8	88	
466	8	ICE_TPC_N	3	1	1	70	1	26	2	4	6	70	
467	8	ICE_TPC_N	3	1	1	105	1	27	2	5	9	89	
468	8	ICE_TPC_N	3	1	1	69	1	28	2	4	5	69	
469	8	ICE_TPC_N	3	1	1	106	1	29	2	5	10	90	
470	8	ICE_TPC_N	3	1	1	89	1	30	2	7	9	121	
471	8	ICE_TPC_N	3	1	1	118	1	31	2	6	6	102	
472	8	ICE_TPC_N	3	1	1	88	1	32	2	7	8	120	
473	8	ICE_TPC_N	3	1	1	119	1	33	2	6	7	103	
474	8	ICE_TPC_N	3	1	1	87	1	34	2	7	7	119	
475	8	ICE_TPC_N	3	1	1	120	1	35	2	6	8	104	
476	8	ICE_TPC_N	3	1	1	86	1	36	2	7	6	118	
477	8	ICE_TPC_N	3	1	1	121	1	37	2	6	9	105	
478	8	ICE_TPC_N	3	1	1	85	1	38	2	7	5	117	
479	8	ICE_TPC_N	3	1	1	122	1	39	2	6	10	106	
480	8	ICE_TPC_N	4	1	0	25	1	0	3	0	9	137	
481	8	ICE_TPC_N	4	1	0	54	1	1	3	1	6	150	
482	8	ICE_TPC_N	4	1	0	24	1	2	3	0	8	136	
483	8	ICE_TPC_N	4	1	0	55	1	3	3	1	7	151	
484	8	ICE_TPC_N	4	1	0	23	1	4	3	0	7	135	
485	8	ICE_TPC_N	4	1	0	56	1	5	3	1	8	152	
486	8	ICE_TPC_N	4	1	0	22	1	6	3	0	6	134	
487	8	ICE_TPC_N	4	1	0	57	1	7	3	1	9	153	
488	8	ICE_TPC_N	4	1	0	21	1	8	3	0	5	133	
489	8	ICE_TPC_N	4	1	0	58	1	9	3	1	10	154	
490	8	ICE_TPC_N	4	1	0	9	1	10	3	3	9	185	
491	8	ICE_TPC_N	4	1	0	38	1	11	3	2	6	166	
492	8	ICE_TPC_N	4	1	0	8	1	12	3	3	8	184	
493	8	ICE_TPC_N	4	1	0	39	1	13	3	2	7	167	
494	8	ICE_TPC_N	4	1	0	7	1	14	3	3	7	183	
495	8	ICE_TPC_N	4	1	0	40	1	15	3	2	8	168	
496	8	ICE_TPC_N	4	1	0	6	1	16	3	3	6	182	
497	8	ICE_TPC_N	4	1	0	41	1	17	3	2	9	169	
498	8	ICE_TPC_N	4	1	0	5	1	18	3	3	5	181	
499	8	ICE_TPC_N	4	1	0	42	1	19	3	2	10	170	
500	8	ICE_TPC_N	4	1	0	73	1	20	3	4	9	201	
501	8	ICE_TPC_N	4	1	0	102	1	21	3	5	6	214	
502	8	ICE_TPC_N	4	1	0	72	1	22	3	4	8	200	
503	8	ICE_TPC_N	4	1	0	103	1	23	3	5	7	215	
504	8	ICE_TPC_N	4	1	0	71	1	24	3	4	7	199	
505	8	ICE_TPC_N	4	1	0	104	1	25	3	5	8	216	
506	8	ICE_TPC_N	4	1	0	70	1	26	3	4	6	198	
507	8	ICE_TPC_N	4	1	0	105	1	27	3	5	9	217	
508	8	ICE_TPC_N	4	1	0	69	1	28	3	4	5	197	
509	8	ICE_TPC_N	4	1	0	106	1	29	3	5	10	218	
510	8	ICE_TPC_N	4	1	0	89	1	30	3	7	9	249	
511	8	ICE_TPC_N	4	1	0	118	1	31	3	6	6	230	
512	8	ICE_TPC_N	4	1	0	88	1	32	3	7	8	248	
513	8	ICE_TPC_N	4	1	0	119	1	33	3	6	7	231	
514	8	ICE_TPC_N	4	1	0	87	1	34	3	7	7	247	
515	8	ICE_TPC_N	4	1	0	120	1	35	3	6	8	232	
516	8	ICE_TPC_N	4	1	0	86	1	36	3	7	6	246	
517	8	ICE_TPC_N	4	1	0	121	1	37	3	6	9	233	
518	8	ICE_TPC_N	4	1	0	85	1	38	3	7	5	245	
519	8	ICE_TPC_N	4	1	0	122	1	39	3	6	10	234	
520	8	ICE_TPC_N	4	1	1	25	1	0	4	0	9	9	
521	8	ICE_TPC_N	4	1	1	54	1	1	4	1	6	22	
522	8	ICE_TPC_N	4	1	1	24	1	2	4	0	8	8	
523	8	ICE_TPC_N	4	1	1	55	1	3	4	1	7	23	
524	8	ICE_TPC_N	4	1	1	23	1	4	4	0	7	7	
525	8	ICE_TPC_N	4	1	1	56	1	5	4	1	8	24	
526	8	ICE_TPC_N	4	1	1	22	1	6	4	0	6	6	
527	8	ICE_TPC_N	4	1	1	57	1	7	4	1	9	25	
528	8	ICE_TPC_N	4	1	1	21	1	8	4	0	5	5	
529	8	ICE_TPC_N	4	1	1	58	1	9	4	1	10	26	
530	8	ICE_TPC_N	4	1	1	9	1	10	4	3	9	57	
531	8	ICE_TPC_N	4	1	1	38	1	11	4	2	6	38	
532	8	ICE_TPC_N	4	1	1	8	1	12	4	3	8	56	
533	8	ICE_TPC_N	4	1	1	39	1	13	4	2	7	39	
534	8	ICE_TPC_N	4	1	1	7	1	14	4	3	7	55	
535	8	ICE_TPC_N	4	1	1	40	1	15	4	2	8	40	
536	8	ICE_TPC_N	4	1	1	6	1	16	4	3	6	54	
537	8	ICE_TPC_N	4	1	1	41	1	17	4	2	9	41	
538	8	ICE_TPC_N	4	1	1	5	1	18	4	3	5	53	
539	8	ICE_TPC_N	4	1	1	42	1	19	4	2	10	42	
540	8	ICE_TPC_N	4	1	1	73	1	20	4	4	9	73	
541	8	ICE_TPC_N	4	1	1	102	1	21	4	5	6	86	
542	8	ICE_TPC_N	4	1	1	72	1	22	4	4	8	72	
543	8	ICE_TPC_N	4	1	1	103	1	23	4	5	7	87	
544	8	ICE_TPC_N	4	1	1	71	1	24	4	4	7	71	
545	8	ICE_TPC_N	4	1	1	104	1	25	4	5	8	88	
546	8	ICE_TPC_N	4	1	1	70	1	26	4	4	6	70	
547	8	ICE_TPC_N	4	1	1	105	1	27	4	5	9	89	
548	8	ICE_TPC_N	4	1	1	69	1	28	4	4	5	69	
549	8	ICE_TPC_N	4	1	1	106	1	29	4	5	10	90	
550	8	ICE_TPC_N	4	1	1	89	1	30	4	7	9	121	
551	8	ICE_TPC_N	4	1	1	118	1	31	4	6	6	102	
552	8	ICE_TPC_N	4	1	1	88	1	32	4	7	8	120	
553	8	ICE_TPC_N	4	1	1	119	1	33	4	6	7	103	
554	8	ICE_TPC_N	4	1	1	87	1	34	4	7	7	119	
555	8	ICE_TPC_N	4	1	1	120	1	35	4	6	8	104	
556	8	ICE_TPC_N	4	1	1	86	1	36	4	7	6	118	
557	8	ICE_TPC_N	4	1	1	121	1	37	4	6	9	105	
558	8	ICE_TPC_N	4	1	1	85	1	38	4	7	5	117	
559	8	ICE_TPC_N	4	1	1	122	1	39	4	6	10	106	
560	8	ICE_TPC_N	5	1	1	25	1	0	5	0	9	137	
561	8	ICE_TPC_N	5	1	1	54	1	1	5	1	6	150	
562	8	ICE_TPC_N	5	1	1	24	1	2	5	0	8	136	
563	8	ICE_TPC_N	5	1	1	55	1	3	5	1	7	151	
564	8	ICE_TPC_N	5	1	1	23	1	4	5	0	7	135	
565	8	ICE_TPC_N	5	1	1	56	1	5	5	1	8	152	
566	8	ICE_TPC_N	5	1	1	22	1	6	5	0	6	134	
567	8	ICE_TPC_N	5	1	1	57	1	7	5	1	9	153	
568	8	ICE_TPC_N	5	1	1	21	1	8	5	0	5	133	
569	8	ICE_TPC_N	5	1	1	58	1	9	5	1	10	154	
570	8	ICE_TPC_N	5	1	1	9	1	10	5	3	9	185	
571	8	ICE_TPC_N	5	1	1	38	1	11	5	2	6	166	
572	8	ICE_TPC_N	5	1	1	8	1	12	5	3	8	184	
573	8	ICE_TPC_N	5	1	1	39	1	13	5	2	7	167	
574	8	ICE_TPC_N	5	1	1	7	1	14	5	3	7	183	
575	8	ICE_TPC_N	5	1	1	40	1	15	5	2	8	168	
576	8	ICE_TPC_N	5	1	1	6	1	16	5	3	6	182	
577	8	ICE_TPC_N	5	1	1	41	1	17	5	2	9	169	
578	8	ICE_TPC_N	5	1	1	5	1	18	5	3	5	181	
579	8	ICE_TPC_N	5	1	1	42	1	19	5	2	10	170	
580	8	ICE_TPC_N	5	1	1	73	1	20	5	4	9	201	
581	8	ICE_TPC_N	5	1	1	102	1	21	5	5	6	214	
582	8	ICE_TPC_N	5	1	1	72	1	22	5	4	8	200	
583	8	ICE_TPC_N	5	1	1	103	1	23	5	5	7	215	
584	8	ICE_TPC_N	5	1	1	71	1	24	5	4	7	199	
585	8	ICE_TPC_N	5	1	1	104	1	25	5	5	8	216	
586	8	ICE_TPC_N	5	1	1	70	1	26	5	4	6	198	
587	8	ICE_TPC_N	5	1	1	105	1	27	5	5	9	217	
588	8	ICE_TPC_N	5	1	1	69	1	28	5	4	5	197	
589	8	ICE_TPC_N	5	1	1	106	1	29	5	5	10	218	
590	8	ICE_TPC_N	5	1	1	89	1	30	5	7	9	249	
591	8	ICE_TPC_N	5	1	1	118	1	31	5	6	6	230	
592	8	ICE_TPC_N	5	1	1	88	1	32	5	7	8	248	
593	8	ICE_TPC_N	5	1	1	119	1	33	5	6	7	231	
594	8	ICE_TPC_N	5	1	1	87	1	34	5	7	7	247	
595	8	ICE_TPC_N	5	1	1	120	1	35	5	6	8	232	
596	8	ICE_TPC_N	5	1	1	86	1	36	5	7	6	246	
597	8	ICE_TPC_N	5	1	1	121	1	37	5	6	9	233	
598	8	ICE_TPC_N	5	1	1	85	1	38	5	7	5	245	
599	8	ICE_TPC_N	5	1	1	122	1	39	5	6	10	234	
600	8	ICE_TPC_S	5	0	1	25	1	0	6	0	9	9	
601	8	ICE_TPC_S	5	0	1	54	1	1	6	1	6	22	
602	8	ICE_TPC_S	5	0	1	24	1	2	6	0	8	8	
603	8	ICE_TPC_S	5	0	1	55	1	3	6	1	7	23	
604	8	ICE_TPC_S	5	0	1	23	1	4	6	0	7	7	
605	8	ICE_TPC_S	5	0	1	56	1	5	6	1	8	24	
606	8	ICE_TPC_S	5	0	1	22	1	6	6	0	6	6	
607	8	ICE_TPC_S	5	0	1	57	1	7	6	1	9	25	
608	8	ICE_TPC_S	5	0	1	21	1	8	6	0	5	5	
609	8	ICE_TPC_S	5	0	1	58	1	9	6	1	10	26	
610	8	ICE_TPC_S	5	0	1	9	1	10	6	3	9	57	
611	8	ICE_TPC_S	5	0	1	38	1	11	6	2	6	38	
612	8	ICE_TPC_S	5	0	1	8	1	12	6	3	8	56	
613	8	ICE_TPC_S	5	0	1	39	1	13	6	2	7	39	
614	8	ICE_TPC_S	5	0	1	7	1	14	6	3	7	55	
615	8	ICE_TPC_S	5	0	1	40	1	15	6	2	8	40	
616	8	ICE_TPC_S	5	0	1	6	1	16	6	3	6	54	
617	8	ICE_TPC_S	5	0	1	41	1	17	6	2	9	41	
618	8	ICE_TPC_S	5	0	1	5	1	18	6	3	5	53	
619	8	ICE_TPC_S	5	0	1	42	1	19	6	2	10	42	
620	8	ICE_TPC_S	5	0	1	73	1	20	6	4	9	73	
621	8	ICE_TPC_S	5	0	1	102	1	21	6	5	6	86	
622	8	ICE_TPC_S	5	0	1	72	1	22	6	4	8	72	
623	8	ICE_TPC_S	5	0	1	103	1	23	6	5	7	87	
624	8	ICE_TPC_S	5	0	1	71	1	24	6	4	7	71	
625	8	ICE_TPC_S	5	0	1	104	1	25	6	5	8	88	
626	8	ICE_TPC_S	5	0	1	70	1	26	6	4	6	70	
627	8	ICE_TPC_S	5	0	1	105	1	27	6	5	9	89	
628	8	ICE_TPC_S	5	0	1	69	1	28	6	4	5	69	
629	8	ICE_TPC_S	5	0	1	106	1	29	6	5	10	90	
630	8	ICE_TPC_S	5	0	1	89	1	30	6	7	9	121	
631	8	ICE_TPC_S	5	0	1	118	1	31	6	6	6	102	
632	8	ICE_TPC_S	5	0	1	88	1	32	6	7	8	120	
633	8	ICE_TPC_S	5	0	1	119	1	33	6	6	7	103	
634	8	ICE_TPC_S	5	0	1	87	1	34	6	7	7	119	
635	8	ICE_TPC_S	5	0	1	120	1	35	6	6	8	104	
636	8	ICE_TPC_S	5	0	1	86	1	36	6	7	6	118	
637	8	ICE_TPC_S	5	0	1	121	1	37	6	6	9	105	
638	8	ICE_TPC_S	5	0	1	85	1	38	6	7	5	117	
639	8	ICE_TPC_S	5	0	1	122	1	39	6	6	10	106	
640	8	ICE_TPC_S	4	0	0	25	1	0	7	0	9	137	
641	8	ICE_TPC_S	4	0	0	54	1	1	7	1	6	150	
642	8	ICE_TPC_S	4	0	0	24	1	2	7	0	8	136	
643	8	ICE_TPC_S	4	0	0	55	1	3	7	1	7	151	
644	8	ICE_TPC_S	4	0	0	23	1	4	7	0	7	135	
645	8	ICE_TPC_S	4	0	0	56	1	5	7	1	8	152	
646	8	ICE_TPC_S	4	0	0	22	1	6	7	0	6	134	
647	8	ICE_TPC_S	4	0	0	57	1	7	7	1	9	153	
648	8	ICE_TPC_S	4	0	0	21	1	8	7	0	5	133	
649	8	ICE_TPC_S	4	0	0	58	1	9	7	1	10	154	
650	8	ICE_TPC_S	4	0	0	9	1	10	7	3	9	185	
651	8	ICE_TPC_S	4	0	0	38	1	11	7	2	6	166	
652	8	ICE_TPC_S	4	0	0	8	1	12	7	3	8	184	
653	8	ICE_TPC_S	4	0	0	39	1	13	7	2	7	167	
654	8	ICE_TPC_S	4	0	0	7	1	14	7	3	7	183	
655	8	ICE_TPC_S	4	0	0	40	1	15	7	2	8	168	
656	8	ICE_TPC_S	4	0	0	6	1	16	7	3	6	182	
657	8	ICE_TPC_S	4	0	0	41	1	17	7	2	9	169	
658	8	ICE_TPC_S	4	0	0	5	1	18	7	3	5	181	
659	8	ICE_TPC_S	4	0	0	42	1	19	7	2	10	170	
660	8	ICE_TPC_S	4	0	0	73	1	20	7	4	9	201	
661	8	ICE_TPC_S	4	0	0	102	1	21	7	5	6	214	
662	8	ICE_TPC_S	4	0	0	72	1	22	7	4	8	200	
663	8	ICE_TPC_S	4	0	0	103	1	23	7	5	7	215	
664	8	ICE_TPC_S	4	0	0	71	1	24	7	4	7	199	
665	8	ICE_TPC_S	4	0	0	104	1	25	7	5	8	216	
666	8	ICE_TPC_S	4	0	0	70	1	26	7	4	6	198	
667	8	ICE_TPC_S	4	0	0	105	1	27	7	5	9	217	
668	8	ICE_TPC_S	4	0	0	69	1	28	7	4	5	197	
669	8	ICE_TPC_S	4	0	0	106	1	29	7	5	10	218	
670	8	ICE_TPC_S	4	0	0	89	1	30	7	7	9	249	
671	8	ICE_TPC_S	4	0	0	118	1	31	7	6	6	230	
672	8	ICE_TPC_S	4	0	0	88	1	32	7	7	8	248	
673	8	ICE_TPC_S	4	0	0	119	1	33	7	6	7	231	
674	8	ICE_TPC_S	4	0	0	87	1	34	7	7	7	247	
675	8	ICE_TPC_S	4	0	0	120	1	35	7	6	8	232	
676	8	ICE_TPC_S	4	0	0	86	1	36	7	7	6	246	
677	8	ICE_TPC_S	4	0	0	121	1	37	7	6	9	233	
678	8	ICE_TPC_S	4	0	0	85	1	38	7	7	5	245	
679	8	ICE_TPC_S	4	0	0	122	1	39	7	6	10	234	
680	8	ICE_TPC_S	4	0	1	25	1	0	8	0	9	9	
681	8	ICE_TPC_S	4	0	1	54	1	1	8	1	6	22	
682	8	ICE_TPC_S	4	0	1	24	1	2	8	0	8	8	
683	8	ICE_TPC_S	4	0	1	55	1	3	8	1	7	23	
684	8	ICE_TPC_S	4	0	1	23	1	4	8	0	7	7	
685	8	ICE_TPC_S	4	0	1	56	1	5	8	1	8	24	
686	8	ICE_TPC_S	4	0	1	22	1	6	8	0	6	6	
687	8	ICE_TPC_S	4	0	1	57	1	7	8	1	9	25	
688	8	ICE_TPC_S	4	0	1	21	1	8	8	0	5	5	
689	8	ICE_TPC_S	4	0	1	58	1	9	8	1	10	26	
690	8	ICE_TPC_S	4	0	1	9	1	10	8	3	9	57	
691	8	ICE_TPC_S	4	0	1	38	1	11	8	2	6	38	
692	8	ICE_TPC_S	4	0	1	8	1	12	8	3	8	56	
693	8	ICE_TPC_S	4	0	1	39	1	13	8	2	7	39	
694	8	ICE_TPC_S	4	0	1	7	1	14	8	3	7	55	
695	8	ICE_TPC_S	4	0	1	40	1	15	8	2	8	40	
696	8	ICE_TPC_S	4	0	1	6	1	16	8	3	6	54	
697	8	ICE_TPC_S	4	0	1	41	1	17	8	2	9	41	
698	8	ICE_TPC_S	4	0	1	5	1	18	8	3	5	53	
699	8	ICE_TPC_S	4	0	1	42	1	19	8	2	10	42	
700	8	ICE_TPC_S	4	0	1	73	1	20	8	4	9	73	
701	8	ICE_TPC_S	4	0	1	102	1	21	8	5	6	86	
702	8	ICE_TPC_S	4	0	1	72	1	22	8	4	8	72	
703	8	ICE_TPC_S	4	0	1	103	1	23	8	5	7	87	
704	8	ICE_TPC_S	4	0	1	71	1	24	8	4	7	71	
705	8	ICE_TPC_S	4	0	1	104	1	25	8	5	8	88	
706	8	ICE_TPC_S	4	0	1	70	1	26	8	4	6	70	
707	8	ICE_TPC_S	4	0	1	105	1	27	8	5	9	89	
708	8	ICE_TPC_S	4	0	1	69	1	28	8	4	5	69	
709	8	ICE_TPC_S	4	0	1	106	1	29	8	5	10	90	
710	8	ICE_TPC_S	4	0	1	89	1	30	8	7	9	121	
711	8	ICE_TPC_S	4	0	1	118	1	31	8	6	6	102	
712	8	ICE_TPC_S	4	0	1	88	1	32	8	7	8	120	
713	8	ICE_TPC_S	4	0	1	119	1	33	8	6	7	103	
714	8	ICE_TPC_S	4	0	1	87	1	34	8	7	7	119	
715	8	ICE_TPC_S	4	0	1	120	1	35	8	6	8	104	
716	8	ICE_TPC_S	4	0	1	86	1	36	8	7	6	118	
717	8	ICE_TPC_S	4	0	1	121	1	37	8	6	9	105	
718	8	ICE_TPC_S	4	0	1	85	1	38	8	7	5	117	
719	8	ICE_TPC_S	4	0	1	122	1	39	8	6	10	106	
720	8	ICE_TPC_S	3	0	0	25	1	0	9	0	9	137	
721	8	ICE_TPC_S	3	0	0	54	1	1	9	1	6	150	
722	8	ICE_TPC_S	3	0	0	24	1	2	9	0	8	136	
723	8	ICE_TPC_S	3	0	0	55	1	3	9	1	7	151	
724	8	ICE_TPC_S	3	0	0	23	1	4	9	0	7	135	
725	8	ICE_TPC_S	3	0	0	56	1	5	9	1	8	152	
726	8	ICE_TPC_S	3	0	0	22	1	6	9	0	6	134	
727	8	ICE_TPC_S	3	0	0	57	1	7	9	1	9	153	
728	8	ICE_TPC_S	3	0	0	21	1	8	9	0	5	133	
729	8	ICE_TPC_S	3	0	0	58	1	9	9	1	10	154	
730	8	ICE_TPC_S	3	0	0	9	1	10	9	3	9	185	
731	8	ICE_TPC_S	3	0	0	38	1	11	9	2	6	166	
732	8	ICE_TPC_S	3	0	0	8	1	12	9	3	8	184	
733	8	ICE_TPC_S	3	0	0	39	1	13	9	2	7	167	
734	8	ICE_TPC_S	3	0	0	7	1	14	9	3	7	183	
735	8	ICE_TPC_S	3	0	0	40	1	15	9	2	8	168	
736	8	ICE_TPC_S	3	0	0	6	1	16	9	3	6	182	
737	8	ICE_TPC_S	3	0	0	41	1	17	9	2	9	169	
738	8	ICE_TPC_S	3	0	0	5	1	18	9	3	5	181	
739	8	ICE_TPC_S	3	0	0	42	1	19	9	2	10	170	
740	8	ICE_TPC_S	3	0	0	73	1	20	9	4	9	201	
741	8	ICE_TPC_S	3	0	0	102	1	21	9	5	6	214	
742	8	ICE_TPC_S	3	0	0	72	1	22	9	4	8	200	
743	8	ICE_TPC_S	3	0	0	103	1	23	9	5	7	215	
744	8	ICE_TPC_S	3	0	0	71	1	24	9	4	7	199	
745	8	ICE_TPC_S	3	0	0	104	1	25	9	5	8	216	
746	8	ICE_TPC_S	3	0	0	70	1	26	9	4	6	198	
747	8	ICE_TPC_S	3	0	0	105	1	27	9	5	9	217	
748	8	ICE_TPC_S	3	0	0	69	1	28	9	4	5	197	
749	8	ICE_TPC_S	3	0	0	106	1	29	9	5	10	218	
750	8	ICE_TPC_S	3	0	0	89	1	30	9	7	9	249	
751	8	ICE_TPC_S	3	0	0	118	1	31	9	6	6	230	
752	8	ICE_TPC_S	3	0	0	88	1	32	9	7	8	248	
753	8	ICE_TPC_S	3	0	0	119	1	33	9	6	7	231	
754	8	ICE_TPC_S	3	0	0	87	1	34	9	7	7	247	
755	8	ICE_TPC_S	3	0	0	120	1	35	9	6	8	232	
756	8	ICE_TPC_S	3	0	0	86	1	36	9	7	6	246	
757	8	ICE_TPC_S	3	0	0	121	1	37	9	6	9	233	
758	8	ICE_TPC_S	3	0	0	85	1	38	9	7	5	245	
759	8	ICE_TPC_S	3	0	0	122	1	39	9	6	10	234	
760	8	ICE_TPC_S	3	0	1	25	1	0	10	0	9	9	
761	8	ICE_TPC_S	3	0	1	54	1	1	10	1	6	22	
762	8	ICE_TPC_S	3	0	1	24	1	2	10	0	8	8	
763	8	ICE_TPC_S	3	0	1	55	1	3	10	1	7	23	
764	8	ICE_TPC_S	3	0	1	23	1	4	10	0	7	7	
765	8	ICE_TPC_S	3	0	1	56	1	5	10	1	8	24	
766	8	ICE_TPC_S	3	0	1	22	1	6	10	0	6	6	
767	8	ICE_TPC_S	3	0	1	57	1	7	10	1	9	25	
768	8	ICE_TPC_S	3	0	1	21	1	8	10	0	5	5	
769	8	ICE_TPC_S	3	0	1	58	1	9	10	1	10	26	
770	8	ICE_TPC_S	3	0	1	9	1	10	10	3	9	57	
771	8	ICE_TPC_S	3	0	1	38	1	11	10	2	6	38	
772	8	ICE_TPC_S	3	0	1	8	1	12	10	3	8	56	
773	8	ICE_TPC_S	3	0	1	39	1	13	10	2	7	39	
774	8	ICE_TPC_S	3	0	1	7	1	14	10	3	7	55	
775	8	ICE_TPC_S	3	0	1	40	1	15	10	2	8	40	
776	8	ICE_TPC_S	3	0	1	6	1	16	10	3	6	54	
777	8	ICE_TPC_S	3	0	1	41	1	17	10	2	9	41	
778	8	ICE_TPC_S	3	0	1	5	1	18	10	3	5	53	
779	8	ICE_TPC_S	3	0	1	42	1	19	10	2	10	42	
780	8	ICE_TPC_S	3	0	1	73	1	20	10	4	9	73	
781	8	ICE_TPC_S	3	0	1	102	1	21	10	5	6	86	
782	8	ICE_TPC_S	3	0	1	72	1	22	10	4	8	72	
783	8	ICE_TPC_S	3	0	1	103	1	23	10	5	7	87	
784	8	ICE_TPC_S	3	0	1	71	1	24	10	4	7	71	
785	8	ICE_TPC_S	3	0	1	104	1	25	10	5	8	88	
786	8	ICE_TPC_S	3	0	1	70	1	26	10	4	6	70	
787	8	ICE_TPC_S	3	0	1	105	1	27	10	5	9	89	
788	8	ICE_TPC_S	3	0	1	69	1	28	10	4	5	69	
789	8	ICE_TPC_S	3	0	1	106	1	29	10	5	10	90	
790	8	ICE_TPC_S	3	0	1	89	1	30	10	7	9	121	
791	8	ICE_TPC_S	3	0	1	118	1	31	10	6	6	102	
792	8	ICE_TPC_S	3	0	1	88	1	32	10	7	8	120	
793	8	ICE_TPC_S	3	0	1	119	1	33	10	6	7	103	
794	8	ICE_TPC_S	3	0	1	87	1	34	10	7	7	119	
795	8	ICE_TPC_S	3	0	1	120	1	35	10	6	8	104	
796	8	ICE_TPC_S	3	0	1	86	1	36	10	7	6	118	
797	8	ICE_TPC_S	3	0	1	121	1	37	10	6	9	105	
798	8	ICE_TPC_S	3	0	1	85	1	38	10	7	5	117	
799	8	ICE_TPC_S	3	0	1	122	1	39	10	6	10	106	
800	8	ICE_TPC_N	3	1	0	31	2	0	1	0	15	143	
801	8	ICE_TPC_N	3	1	0	48	2	1	1	1	0	144	
802	8	ICE_TPC_N	3	1	0	30	2	2	1	0	14	142	
803	8	ICE_TPC_N	3	1	0	49	2	3	1	1	1	145	
804	8	ICE_TPC_N	3	1	0	29	2	4	1	0	13	141	
805	8	ICE_TPC_N	3	1	0	50	2	5	1	1	2	146	
806	8	ICE_TPC_N	3	1	0	28	2	6	1	0	12	140	
807	8	ICE_TPC_N	3	1	0	51	2	7	1	1	3	147	
808	8	ICE_TPC_N	3	1	0	27	2	8	1	0	11	139	
809	8	ICE_TPC_N	3	1	0	52	2	9	1	1	4	148	
810	8	ICE_TPC_N	3	1	0	26	2	10	1	0	10	138	
811	8	ICE_TPC_N	3	1	0	53	2	11	1	1	5	149	
812	8	ICE_TPC_N	3	1	0	15	2	12	1	3	15	191	
813	8	ICE_TPC_N	3	1	0	32	2	13	1	2	0	160	
814	8	ICE_TPC_N	3	1	0	14	2	14	1	3	14	190	
815	8	ICE_TPC_N	3	1	0	33	2	15	1	2	1	161	
816	8	ICE_TPC_N	3	1	0	13	2	16	1	3	13	189	
817	8	ICE_TPC_N	3	1	0	34	2	17	1	2	2	162	
818	8	ICE_TPC_N	3	1	0	12	2	18	1	3	12	188	
819	8	ICE_TPC_N	3	1	0	35	2	19	1	2	3	163	
820	8	ICE_TPC_N	3	1	0	11	2	20	1	3	11	187	
821	8	ICE_TPC_N	3	1	0	36	2	21	1	2	4	164	
822	8	ICE_TPC_N	3	1	0	10	2	22	1	3	10	186	
823	8	ICE_TPC_N	3	1	0	37	2	23	1	2	5	165	
824	8	ICE_TPC_N	3	1	0	79	2	24	1	4	15	207	
825	8	ICE_TPC_N	3	1	0	96	2	25	1	5	0	208	
826	8	ICE_TPC_N	3	1	0	78	2	26	1	4	14	206	
827	8	ICE_TPC_N	3	1	0	97	2	27	1	5	1	209	
828	8	ICE_TPC_N	3	1	0	77	2	28	1	4	13	205	
829	8	ICE_TPC_N	3	1	0	98	2	29	1	5	2	210	
830	8	ICE_TPC_N	3	1	0	76	2	30	1	4	12	204	
831	8	ICE_TPC_N	3	1	0	99	2	31	1	5	3	211	
832	8	ICE_TPC_N	3	1	0	75	2	32	1	4	11	203	
833	8	ICE_TPC_N	3	1	0	100	2	33	1	5	4	212	
834	8	ICE_TPC_N	3	1	0	74	2	34	1	4	10	202	
835	8	ICE_TPC_N	3	1	0	101	2	35	1	5	5	213	
836	8	ICE_TPC_N	3	1	0	95	2	36	1	7	15	255	
837	8	ICE_TPC_N	3	1	0	112	2	37	1	6	0	224	
838	8	ICE_TPC_N	3	1	0	94	2	38	1	7	14	254	
839	8	ICE_TPC_N	3	1	0	113	2	39	1	6	1	225	
840	8	ICE_TPC_N	3	1	0	93	2	40	1	7	13	253	
841	8	ICE_TPC_N	3	1	0	114	2	41	1	6	2	226	
842	8	ICE_TPC_N	3	1	0	92	2	42	1	7	12	252	
843	8	ICE_TPC_N	3	1	0	115	2	43	1	6	3	227	
844	8	ICE_TPC_N	3	1	0	91	2	44	1	7	11	251	
845	8	ICE_TPC_N	3	1	0	116	2	45	1	6	4	228	
846	8	ICE_TPC_N	3	1	0	90	2	46	1	7	10	250	
847	8	ICE_TPC_N	3	1	0	117	2	47	1	6	5	229	
848	8	ICE_TPC_N	3	1	1	31	2	0	2	0	15	15	
849	8	ICE_TPC_N	3	1	1	48	2	1	2	1	0	16	
850	8	ICE_TPC_N	3	1	1	30	2	2	2	0	14	14	
851	8	ICE_TPC_N	3	1	1	49	2	3	2	1	1	17	
852	8	ICE_TPC_N	3	1	1	29	2	4	2	0	13	13	
853	8	ICE_TPC_N	3	1	1	50	2	5	2	1	2	18	
854	8	ICE_TPC_N	3	1	1	28	2	6	2	0	12	12	
855	8	ICE_TPC_N	3	1	1	51	2	7	2	1	3	19	
856	8	ICE_TPC_N	3	1	1	27	2	8	2	0	11	11	
857	8	ICE_TPC_N	3	1	1	52	2	9	2	1	4	20	
858	8	ICE_TPC_N	3	1	1	26	2	10	2	0	10	10	
859	8	ICE_TPC_N	3	1	1	53	2	11	2	1	5	21	
860	8	ICE_TPC_N	3	1	1	15	2	12	2	3	15	63	
861	8	ICE_TPC_N	3	1	1	32	2	13	2	2	0	32	
862	8	ICE_TPC_N	3	1	1	14	2	14	2	3	14	62	
863	8	ICE_TPC_N	3	1	1	33	2	15	2	2	1	33	
864	8	ICE_TPC_N	3	1	1	13	2	16	2	3	13	61	
865	8	ICE_TPC_N	3	1	1	34	2	17	2	2	2	34	
866	8	ICE_TPC_N	3	1	1	12	2	18	2	3	12	60	
867	8	ICE_TPC_N	3	1	1	35	2	19	2	2	3	35	
868	8	ICE_TPC_N	3	1	1	11	2	20	2	3	11	59	
869	8	ICE_TPC_N	3	1	1	36	2	21	2	2	4	36	
870	8	ICE_TPC_N	3	1	1	10	2	22	2	3	10	58	
871	8	ICE_TPC_N	3	1	1	37	2	23	2	2	5	37	
872	8	ICE_TPC_N	3	1	1	79	2	24	2	4	15	79	
873	8	ICE_TPC_N	3	1	1	96	2	25	2	5	0	80	
874	8	ICE_TPC_N	3	1	1	78	2	26	2	4	14	78	
875	8	ICE_TPC_N	3	1	1	97	2	27	2	5	1	81	
876	8	ICE_TPC_N	3	1	1	77	2	28	2	4	13	77	
877	8	ICE_TPC_N	3	1	1	98	2	29	2	5	2	82	
878	8	ICE_TPC_N	3	1	1	76	2	30	2	4	12	76	
879	8	ICE_TPC_N	3	1	1	99	2	31	2	5	3	83	
880	8	ICE_TPC_N	3	1	1	75	2	32	2	4	11	75	
881	8	ICE_TPC_N	3	1	1	100	2	33	2	5	4	84	
882	8	ICE_TPC_N	3	1	1	74	2	34	2	4	10	74	
883	8	ICE_TPC_N	3	1	1	101	2	35	2	5	5	85	
884	8	ICE_TPC_N	3	1	1	95	2	36	2	7	15	127	
885	8	ICE_TPC_N	3	1	1	112	2	37	2	6	0	96	
886	8	ICE_TPC_N	3	1	1	94	2	38	2	7	14	126	
887	8	ICE_TPC_N	3	1	1	113	2	39	2	6	1	97	
888	8	ICE_TPC_N	3	1	1	93	2	40	2	7	13	125	
889	8	ICE_TPC_N	3	1	1	114	2	41	2	6	2	98	
890	8	ICE_TPC_N	3	1	1	92	2	42	2	7	12	124	
891	8	ICE_TPC_N	3	1	1	115	2	43	2	6	3	99	
892	8	ICE_TPC_N	3	1	1	91	2	44	2	7	11	123	
893	8	ICE_TPC_N	3	1	1	116	2	45	2	6	4	100	
894	8	ICE_TPC_N	3	1	1	90	2	46	2	7	10	122	
895	8	ICE_TPC_N	3	1	1	117	2	47	2	6	5	101	
896	8	ICE_TPC_N	4	1	0	31	2	0	3	0	15	143	
897	8	ICE_TPC_N	4	1	0	48	2	1	3	1	0	144	
898	8	ICE_TPC_N	4	1	0	30	2	2	3	0	14	142	
899	8	ICE_TPC_N	4	1	0	49	2	3	3	1	1	145	
900	8	ICE_TPC_N	4	1	0	29	2	4	3	0	13	141	
901	8	ICE_TPC_N	4	1	0	50	2	5	3	1	2	146	
902	8	ICE_TPC_N	4	1	0	28	2	6	3	0	12	140	
903	8	ICE_TPC_N	4	1	0	51	2	7	3	1	3	147	
904	8	ICE_TPC_N	4	1	0	27	2	8	3	0	11	139	
905	8	ICE_TPC_N	4	1	0	52	2	9	3	1	4	148	
906	8	ICE_TPC_N	4	1	0	26	2	10	3	0	10	138	
907	8	ICE_TPC_N	4	1	0	53	2	11	3	1	5	149	
908	8	ICE_TPC_N	4	1	0	15	2	12	3	3	15	191	
909	8	ICE_TPC_N	4	1	0	32	2	13	3	2	0	160	
910	8	ICE_TPC_N	4	1	0	14	2	14	3	3	14	190	
911	8	ICE_TPC_N	4	1	0	33	2	15	3	2	1	161	
912	8	ICE_TPC_N	4	1	0	13	2	16	3	3	13	189	
913	8	ICE_TPC_N	4	1	0	34	2	17	3	2	2	162	
914	8	ICE_TPC_N	4	1	0	12	2	18	3	3	12	188	
915	8	ICE_TPC_N	4	1	0	35	2	19	3	2	3	163	
916	8	ICE_TPC_N	4	1	0	11	2	20	3	3	11	187	
917	8	ICE_TPC_N	4	1	0	36	2	21	3	2	4	164	
918	8	ICE_TPC_N	4	1	0	10	2	22	3	3	10	186	
919	8	ICE_TPC_N	4	1	0	37	2	23	3	2	5	165	
920	8	ICE_TPC_N	4	1	0	79	2	24	3	4	15	207	
921	8	ICE_TPC_N	4	1	0	96	2	25	3	5	0	208	
922	8	ICE_TPC_N	4	1	0	78	2	26	3	4	14	206	
923	8	ICE_TPC_N	4	1	0	97	2	27	3	5	1	209	
924	8	ICE_TPC_N	4	1	0	77	2	28	3	4	13	205	
925	8	ICE_TPC_N	4	1	0	98	2	29	3	5	2	210	
926	8	ICE_TPC_N	4	1	0	76	2	30	3	4	12	204	
927	8	ICE_TPC_N	4	1	0	99	2	31	3	5	3	211	
928	8	ICE_TPC_N	4	1	0	75	2	32	3	4	11	203	
929	8	ICE_TPC_N	4	1	0	100	2	33	3	5	4	212	
930	8	ICE_TPC_N	4	1	0	74	2	34	3	4	10	202	
931	8	ICE_TPC_N	4	1	0	101	2	35	3	5	5	213	
932	8	ICE_TPC_N	4	1	0	95	2	36	3	7	15	255	
933	8	ICE_TPC_N	4	1	0	112	2	37	3	6	0	224	
934	8	ICE_TPC_N	4	1	0	94	2	38	3	7	14	254	
935	8	ICE_TPC_N	4	1	0	113	2	39	3	6	1	225	
936	8	ICE_TPC_N	4	1	0	93	2	40	3	7	13	253	
937	8	ICE_TPC_N	4	1	0	114	2	41	3	6	2	226	
938	8	ICE_TPC_N	4	1	0	92	2	42	3	7	12	252	
939	8	ICE_TPC_N	4	1	0	115	2	43	3	6	3	227	
940	8	ICE_TPC_N	4	1	0	91	2	44	3	7	11	251	
941	8	ICE_TPC_N	4	1	0	116	2	45	3	6	4	228	
942	8	ICE_TPC_N	4	1	0	90	2	46	3	7	10	250	
943	8	ICE_TPC_N	4	1	0	117	2	47	3	6	5	229	
944	8	ICE_TPC_N	4	1	1	31	2	0	4	0	15	15	
945	8	ICE_TPC_N	4	1	1	48	2	1	4	1	0	16	
946	8	ICE_TPC_N	4	1	1	30	2	2	4	0	14	14	
947	8	ICE_TPC_N	4	1	1	49	2	3	4	1	1	17	
948	8	ICE_TPC_N	4	1	1	29	2	4	4	0	13	13	
949	8	ICE_TPC_N	4	1	1	50	2	5	4	1	2	18	
950	8	ICE_TPC_N	4	1	1	28	2	6	4	0	12	12	
951	8	ICE_TPC_N	4	1	1	51	2	7	4	1	3	19	
952	8	ICE_TPC_N	4	1	1	27	2	8	4	0	11	11	
953	8	ICE_TPC_N	4	1	1	52	2	9	4	1	4	20	
954	8	ICE_TPC_N	4	1	1	26	2	10	4	0	10	10	
955	8	ICE_TPC_N	4	1	1	53	2	11	4	1	5	21	
956	8	ICE_TPC_N	4	1	1	15	2	12	4	3	15	63	
957	8	ICE_TPC_N	4	1	1	32	2	13	4	2	0	32	
958	8	ICE_TPC_N	4	1	1	14	2	14	4	3	14	62	
959	8	ICE_TPC_N	4	1	1	33	2	15	4	2	1	33	
960	8	ICE_TPC_N	4	1	1	13	2	16	4	3	13	61	
961	8	ICE_TPC_N	4	1	1	34	2	17	4	2	2	34	
962	8	ICE_TPC_N	4	1	1	12	2	18	4	3	12	60	
963	8	ICE_TPC_N	4	1	1	35	2	19	4	2	3	35	
964	8	ICE_TPC_N	4	1	1	11	2	20	4	3	11	59	
965	8	ICE_TPC_N	4	1	1	36	2	21	4	2	4	36	
966	8	ICE_TPC_N	4	1	1	10	2	22	4	3	10	58	
967	8	ICE_TPC_N	4	1	1	37	2	23	4	2	5	37	
968	8	ICE_TPC_N	4	1	1	79	2	24	4	4	15	79	
969	8	ICE_TPC_N	4	1	1	96	2	25	4	5	0	80	
970	8	ICE_TPC_N	4	1	1	78	2	26	4	4	14	78	
971	8	ICE_TPC_N	4	1	1	97	2	27	4	5	1	81	
972	8	ICE_TPC_N	4	1	1	77	2	28	4	4	13	77	
973	8	ICE_TPC_N	4	1	1	98	2	29	4	5	2	82	
974	8	ICE_TPC_N	4	1	1	76	2	30	4	4	12	76	
975	8	ICE_TPC_N	4	1	1	99	2	31	4	5	3	83	
976	8	ICE_TPC_N	4	1	1	75	2	32	4	4	11	75	
977	8	ICE_TPC_N	4	1	1	100	2	33	4	5	4	84	
978	8	ICE_TPC_N	4	1	1	74	2	34	4	4	10	74	
979	8	ICE_TPC_N	4	1	1	101	2	35	4	5	5	85	
980	8	ICE_TPC_N	4	1	1	95	2	36	4	7	15	127	
981	8	ICE_TPC_N	4	1	1	112	2	37	4	6	0	96	
982	8	ICE_TPC_N	4	1	1	94	2	38	4	7	14	126	
983	8	ICE_TPC_N	4	1	1	113	2	39	4	6	1	97	
984	8	ICE_TPC_N	4	1	1	93	2	40	4	7	13	125	
985	8	ICE_TPC_N	4	1	1	114	2	41	4	6	2	98	
986	8	ICE_TPC_N	4	1	1	92	2	42	4	7	12	124	
987	8	ICE_TPC_N	4	1	1	115	2	43	4	6	3	99	
988	8	ICE_TPC_N	4	1	1	91	2	44	4	7	11	123	
989	8	ICE_TPC_N	4	1	1	116	2	45	4	6	4	100	
990	8	ICE_TPC_N	4	1	1	90	2	46	4	7	10	122	
991	8	ICE_TPC_N	4	1	1	117	2	47	4	6	5	101	
992	8	ICE_TPC_N	5	1	1	31	2	0	5	0	15	143	
993	8	ICE_TPC_N	5	1	1	48	2	1	5	1	0	144	
994	8	ICE_TPC_N	5	1	1	30	2	2	5	0	14	142	
995	8	ICE_TPC_N	5	1	1	49	2	3	5	1	1	145	
996	8	ICE_TPC_N	5	1	1	29	2	4	5	0	13	141	
997	8	ICE_TPC_N	5	1	1	50	2	5	5	1	2	146	
998	8	ICE_TPC_N	5	1	1	28	2	6	5	0	12	140	
999	8	ICE_TPC_N	5	1	1	51	2	7	5	1	3	147	
1000	8	ICE_TPC_N	5	1	1	27	2	8	5	0	11	139	
1001	8	ICE_TPC_N	5	1	1	52	2	9	5	1	4	148	
1002	8	ICE_TPC_N	5	1	1	26	2	10	5	0	10	138	
1003	8	ICE_TPC_N	5	1	1	53	2	11	5	1	5	149	
1004	8	ICE_TPC_N	5	1	1	15	2	12	5	3	15	191	
1005	8	ICE_TPC_N	5	1	1	32	2	13	5	2	0	160	
1006	8	ICE_TPC_N	5	1	1	14	2	14	5	3	14	190	
1007	8	ICE_TPC_N	5	1	1	33	2	15	5	2	1	161	
1008	8	ICE_TPC_N	5	1	1	13	2	16	5	3	13	189	
1009	8	ICE_TPC_N	5	1	1	34	2	17	5	2	2	162	
1010	8	ICE_TPC_N	5	1	1	12	2	18	5	3	12	188	
1011	8	ICE_TPC_N	5	1	1	35	2	19	5	2	3	163	
1012	8	ICE_TPC_N	5	1	1	11	2	20	5	3	11	187	
1013	8	ICE_TPC_N	5	1	1	36	2	21	5	2	4	164	
1014	8	ICE_TPC_N	5	1	1	10	2	22	5	3	10	186	
1015	8	ICE_TPC_N	5	1	1	37	2	23	5	2	5	165	
1016	8	ICE_TPC_N	5	1	1	79	2	24	5	4	15	207	
1017	8	ICE_TPC_N	5	1	1	96	2	25	5	5	0	208	
1018	8	ICE_TPC_N	5	1	1	78	2	26	5	4	14	206	
1019	8	ICE_TPC_N	5	1	1	97	2	27	5	5	1	209	
1020	8	ICE_TPC_N	5	1	1	77	2	28	5	4	13	205	
1021	8	ICE_TPC_N	5	1	1	98	2	29	5	5	2	210	
1022	8	ICE_TPC_N	5	1	1	76	2	30	5	4	12	204	
1023	8	ICE_TPC_N	5	1	1	99	2	31	5	5	3	211	
1024	8	ICE_TPC_N	5	1	1	75	2	32	5	4	11	203	
1025	8	ICE_TPC_N	5	1	1	100	2	33	5	5	4	212	
1026	8	ICE_TPC_N	5	1	1	74	2	34	5	4	10	202	
1027	8	ICE_TPC_N	5	1	1	101	2	35	5	5	5	213	
1028	8	ICE_TPC_N	5	1	1	95	2	36	5	7	15	255	
1029	8	ICE_TPC_N	5	1	1	112	2	37	5	6	0	224	
1030	8	ICE_TPC_N	5	1	1	94	2	38	5	7	14	254	
1031	8	ICE_TPC_N	5	1	1	113	2	39	5	6	1	225	
1032	8	ICE_TPC_N	5	1	1	93	2	40	5	7	13	253	
1033	8	ICE_TPC_N	5	1	1	114	2	41	5	6	2	226	
1034	8	ICE_TPC_N	5	1	1	92	2	42	5	7	12	252	
1035	8	ICE_TPC_N	5	1	1	115	2	43	5	6	3	227	
1036	8	ICE_TPC_N	5	1	1	91	2	44	5	7	11	251	
1037	8	ICE_TPC_N	5	1	1	116	2	45	5	6	4	228	
1038	8	ICE_TPC_N	5	1	1	90	2	46	5	7	10	250	
1039	8	ICE_TPC_N	5	1	1	117	2	47	5	6	5	229	
1040	8	ICE_TPC_S	5	0	1	31	2	0	6	0	15	15	
1041	8	ICE_TPC_S	5	0	1	48	2	1	6	1	0	16	
1042	8	ICE_TPC_S	5	0	1	30	2	2	6	0	14	14	
1043	8	ICE_TPC_S	5	0	1	49	2	3	6	1	1	17	
1044	8	ICE_TPC_S	5	0	1	29	2	4	6	0	13	13	
1045	8	ICE_TPC_S	5	0	1	50	2	5	6	1	2	18	
1046	8	ICE_TPC_S	5	0	1	28	2	6	6	0	12	12	
1047	8	ICE_TPC_S	5	0	1	51	2	7	6	1	3	19	
1048	8	ICE_TPC_S	5	0	1	27	2	8	6	0	11	11	
1049	8	ICE_TPC_S	5	0	1	52	2	9	6	1	4	20	
1050	8	ICE_TPC_S	5	0	1	26	2	10	6	0	10	10	
1051	8	ICE_TPC_S	5	0	1	53	2	11	6	1	5	21	
1052	8	ICE_TPC_S	5	0	1	15	2	12	6	3	15	63	
1053	8	ICE_TPC_S	5	0	1	32	2	13	6	2	0	32	
1054	8	ICE_TPC_S	5	0	1	14	2	14	6	3	14	62	
1055	8	ICE_TPC_S	5	0	1	33	2	15	6	2	1	33	
1056	8	ICE_TPC_S	5	0	1	13	2	16	6	3	13	61	
1057	8	ICE_TPC_S	5	0	1	34	2	17	6	2	2	34	
1058	8	ICE_TPC_S	5	0	1	12	2	18	6	3	12	60	
1059	8	ICE_TPC_S	5	0	1	35	2	19	6	2	3	35	
1060	8	ICE_TPC_S	5	0	1	11	2	20	6	3	11	59	
1061	8	ICE_TPC_S	5	0	1	36	2	21	6	2	4	36	
1062	8	ICE_TPC_S	5	0	1	10	2	22	6	3	10	58	
1063	8	ICE_TPC_S	5	0	1	37	2	23	6	2	5	37	
1064	8	ICE_TPC_S	5	0	1	79	2	24	6	4	15	79	
1065	8	ICE_TPC_S	5	0	1	96	2	25	6	5	0	80	
1066	8	ICE_TPC_S	5	0	1	78	2	26	6	4	14	78	
1067	8	ICE_TPC_S	5	0	1	97	2	27	6	5	1	81	
1068	8	ICE_TPC_S	5	0	1	77	2	28	6	4	13	77	
1069	8	ICE_TPC_S	5	0	1	98	2	29	6	5	2	82	
1070	8	ICE_TPC_S	5	0	1	76	2	30	6	4	12	76	
1071	8	ICE_TPC_S	5	0	1	99	2	31	6	5	3	83	
1072	8	ICE_TPC_S	5	0	1	75	2	32	6	4	11	75	
1073	8	ICE_TPC_S	5	0	1	100	2	33	6	5	4	84	
1074	8	ICE_TPC_S	5	0	1	74	2	34	6	4	10	74	
1075	8	ICE_TPC_S	5	0	1	101	2	35	6	5	5	85	
1076	8	ICE_TPC_S	5	0	1	95	2	36	6	7	15	127	
1077	8	ICE_TPC_S	5	0	1	112	2	37	6	6	0	96	
1078	8	ICE_TPC_S	5	0	1	94	2	38	6	7	14	126	
1079	8	ICE_TPC_S	5	0	1	113	2	39	6	6	1	97	
1080	8	ICE_TPC_S	5	0	1	93	2	40	6	7	13	125	
1081	8	ICE_TPC_S	5	0	1	114	2	41	6	6	2	98	
1082	8	ICE_TPC_S	5	0	1	92	2	42	6	7	12	124	
1083	8	ICE_TPC_S	5	0	1	115	2	43	6	6	3	99	
1084	8	ICE_TPC_S	5	0	1	91	2	44	6	7	11	123	
1085	8	ICE_TPC_S	5	0	1	116	2	45	6	6	4	100	
1086	8	ICE_TPC_S	5	0	1	90	2	46	6	7	10	122	
1087	8	ICE_TPC_S	5	0	1	117	2	47	6	6	5	101	
1088	8	ICE_TPC_S	4	0	0	31	2	0	7	0	15	143	
1089	8	ICE_TPC_S	4	0	0	48	2	1	7	1	0	144	
1090	8	ICE_TPC_S	4	0	0	30	2	2	7	0	14	142	
1091	8	ICE_TPC_S	4	0	0	49	2	3	7	1	1	145	
1092	8	ICE_TPC_S	4	0	0	29	2	4	7	0	13	141	
1093	8	ICE_TPC_S	4	0	0	50	2	5	7	1	2	146	
1094	8	ICE_TPC_S	4	0	0	28	2	6	7	0	12	140	
1095	8	ICE_TPC_S	4	0	0	51	2	7	7	1	3	147	
1096	8	ICE_TPC_S	4	0	0	27	2	8	7	0	11	139	
1097	8	ICE_TPC_S	4	0	0	52	2	9	7	1	4	148	
1098	8	ICE_TPC_S	4	0	0	26	2	10	7	0	10	138	
1099	8	ICE_TPC_S	4	0	0	53	2	11	7	1	5	149	
1100	8	ICE_TPC_S	4	0	0	15	2	12	7	3	15	191	
1101	8	ICE_TPC_S	4	0	0	32	2	13	7	2	0	160	
1102	8	ICE_TPC_S	4	0	0	14	2	14	7	3	14	190	
1103	8	ICE_TPC_S	4	0	0	33	2	15	7	2	1	161	
1104	8	ICE_TPC_S	4	0	0	13	2	16	7	3	13	189	
1105	8	ICE_TPC_S	4	0	0	34	2	17	7	2	2	162	
1106	8	ICE_TPC_S	4	0	0	12	2	18	7	3	12	188	
1107	8	ICE_TPC_S	4	0	0	35	2	19	7	2	3	163	
1108	8	ICE_TPC_S	4	0	0	11	2	20	7	3	11	187	
1109	8	ICE_TPC_S	4	0	0	36	2	21	7	2	4	164	
1110	8	ICE_TPC_S	4	0	0	10	2	22	7	3	10	186	
1111	8	ICE_TPC_S	4	0	0	37	2	23	7	2	5	165	
1112	8	ICE_TPC_S	4	0	0	79	2	24	7	4	15	207	
1113	8	ICE_TPC_S	4	0	0	96	2	25	7	5	0	208	
1114	8	ICE_TPC_S	4	0	0	78	2	26	7	4	14	206	
1115	8	ICE_TPC_S	4	0	0	97	2	27	7	5	1	209	
1116	8	ICE_TPC_S	4	0	0	77	2	28	7	4	13	205	
1117	8	ICE_TPC_S	4	0	0	98	2	29	7	5	2	210	
1118	8	ICE_TPC_S	4	0	0	76	2	30	7	4	12	204	
1119	8	ICE_TPC_S	4	0	0	99	2	31	7	5	3	211	
1120	8	ICE_TPC_S	4	0	0	75	2	32	7	4	11	203	
1121	8	ICE_TPC_S	4	0	0	100	2	33	7	5	4	212	
1122	8	ICE_TPC_S	4	0	0	74	2	34	7	4	10	202	
1123	8	ICE_TPC_S	4	0	0	101	2	35	7	5	5	213	
1124	8	ICE_TPC_S	4	0	0	95	2	36	7	7	15	255	
1125	8	ICE_TPC_S	4	0	0	112	2	37	7	6	0	224	
1126	8	ICE_TPC_S	4	0	0	94	2	38	7	7	14	254	
1127	8	ICE_TPC_S	4	0	0	113	2	39	7	6	1	225	
1128	8	ICE_TPC_S	4	0	0	93	2	40	7	7	13	253	
1129	8	ICE_TPC_S	4	0	0	114	2	41	7	6	2	226	
1130	8	ICE_TPC_S	4	0	0	92	2	42	7	7	12	252	
1131	8	ICE_TPC_S	4	0	0	115	2	43	7	6	3	227	
1132	8	ICE_TPC_S	4	0	0	91	2	44	7	7	11	251	
1133	8	ICE_TPC_S	4	0	0	116	2	45	7	6	4	228	
1134	8	ICE_TPC_S	4	0	0	90	2	46	7	7	10	250	
1135	8	ICE_TPC_S	4	0	0	117	2	47	7	6	5	229	
1136	8	ICE_TPC_S	4	0	1	31	2	0	8	0	15	15	
1137	8	ICE_TPC_S	4	0	1	48	2	1	8	1	0	16	
1138	8	ICE_TPC_S	4	0	1	30	2	2	8	0	14	14	
1139	8	ICE_TPC_S	4	0	1	49	2	3	8	1	1	17	
1140	8	ICE_TPC_S	4	0	1	29	2	4	8	0	13	13	
1141	8	ICE_TPC_S	4	0	1	50	2	5	8	1	2	18	
1142	8	ICE_TPC_S	4	0	1	28	2	6	8	0	12	12	
1143	8	ICE_TPC_S	4	0	1	51	2	7	8	1	3	19	
1144	8	ICE_TPC_S	4	0	1	27	2	8	8	0	11	11	
1145	8	ICE_TPC_S	4	0	1	52	2	9	8	1	4	20	
1146	8	ICE_TPC_S	4	0	1	26	2	10	8	0	10	10	
1147	8	ICE_TPC_S	4	0	1	53	2	11	8	1	5	21	
1148	8	ICE_TPC_S	4	0	1	15	2	12	8	3	15	63	
1149	8	ICE_TPC_S	4	0	1	32	2	13	8	2	0	32	
1150	8	ICE_TPC_S	4	0	1	14	2	14	8	3	14	62	
1151	8	ICE_TPC_S	4	0	1	33	2	15	8	2	1	33	
1152	8	ICE_TPC_S	4	0	1	13	2	16	8	3	13	61	
1153	8	ICE_TPC_S	4	0	1	34	2	17	8	2	2	34	
1154	8	ICE_TPC_S	4	0	1	12	2	18	8	3	12	60	
1155	8	ICE_TPC_S	4	0	1	35	2	19	8	2	3	35	
1156	8	ICE_TPC_S	4	0	1	11	2	20	8	3	11	59	
1157	8	ICE_TPC_S	4	0	1	36	2	21	8	2	4	36	
1158	8	ICE_TPC_S	4	0	1	10	2	22	8	3	10	58	
1159	8	ICE_TPC_S	4	0	1	37	2	23	8	2	5	37	
1160	8	ICE_TPC_S	4	0	1	79	2	24	8	4	15	79	
1161	8	ICE_TPC_S	4	0	1	96	2	25	8	5	0	80	
1162	8	ICE_TPC_S	4	0	1	78	2	26	8	4	14	78	
1163	8	ICE_TPC_S	4	0	1	97	2	27	8	5	1	81	
1164	8	ICE_TPC_S	4	0	1	77	2	28	8	4	13	77	
1165	8	ICE_TPC_S	4	0	1	98	2	29	8	5	2	82	
1166	8	ICE_TPC_S	4	0	1	76	2	30	8	4	12	76	
1167	8	ICE_TPC_S	4	0	1	99	2	31	8	5	3	83	
1168	8	ICE_TPC_S	4	0	1	75	2	32	8	4	11	75	
1169	8	ICE_TPC_S	4	0	1	100	2	33	8	5	4	84	
1170	8	ICE_TPC_S	4	0	1	74	2	34	8	4	10	74	
1171	8	ICE_TPC_S	4	0	1	101	2	35	8	5	5	85	
1172	8	ICE_TPC_S	4	0	1	95	2	36	8	7	15	127	
1173	8	ICE_TPC_S	4	0	1	112	2	37	8	6	0	96	
1174	8	ICE_TPC_S	4	0	1	94	2	38	8	7	14	126	
1175	8	ICE_TPC_S	4	0	1	113	2	39	8	6	1	97	
1176	8	ICE_TPC_S	4	0	1	93	2	40	8	7	13	125	
1177	8	ICE_TPC_S	4	0	1	114	2	41	8	6	2	98	
1178	8	ICE_TPC_S	4	0	1	92	2	42	8	7	12	124	
1179	8	ICE_TPC_S	4	0	1	115	2	43	8	6	3	99	
1180	8	ICE_TPC_S	4	0	1	91	2	44	8	7	11	123	
1181	8	ICE_TPC_S	4	0	1	116	2	45	8	6	4	100	
1182	8	ICE_TPC_S	4	0	1	90	2	46	8	7	10	122	
1183	8	ICE_TPC_S	4	0	1	117	2	47	8	6	5	101	
1184	8	ICE_TPC_S	3	0	0	31	2	0	9	0	15	143	
1185	8	ICE_TPC_S	3	0	0	48	2	1	9	1	0	144	
1186	8	ICE_TPC_S	3	0	0	30	2	2	9	0	14	142	
1187	8	ICE_TPC_S	3	0	0	49	2	3	9	1	1	145	
1188	8	ICE_TPC_S	3	0	0	29	2	4	9	0	13	141	
1189	8	ICE_TPC_S	3	0	0	50	2	5	9	1	2	146	
1190	8	ICE_TPC_S	3	0	0	28	2	6	9	0	12	140	
1191	8	ICE_TPC_S	3	0	0	51	2	7	9	1	3	147	
1192	8	ICE_TPC_S	3	0	0	27	2	8	9	0	11	139	
1193	8	ICE_TPC_S	3	0	0	52	2	9	9	1	4	148	
1194	8	ICE_TPC_S	3	0	0	26	2	10	9	0	10	138	
1195	8	ICE_TPC_S	3	0	0	53	2	11	9	1	5	149	
1196	8	ICE_TPC_S	3	0	0	15	2	12	9	3	15	191	
1197	8	ICE_TPC_S	3	0	0	32	2	13	9	2	0	160	
1198	8	ICE_TPC_S	3	0	0	14	2	14	9	3	14	190	
1199	8	ICE_TPC_S	3	0	0	33	2	15	9	2	1	161	
1200	8	ICE_TPC_S	3	0	0	13	2	16	9	3	13	189	
1201	8	ICE_TPC_S	3	0	0	34	2	17	9	2	2	162	
1202	8	ICE_TPC_S	3	0	0	12	2	18	9	3	12	188	
1203	8	ICE_TPC_S	3	0	0	35	2	19	9	2	3	163	
1204	8	ICE_TPC_S	3	0	0	11	2	20	9	3	11	187	
1205	8	ICE_TPC_S	3	0	0	36	2	21	9	2	4	164	
1206	8	ICE_TPC_S	3	0	0	10	2	22	9	3	10	186	
1207	8	ICE_TPC_S	3	0	0	37	2	23	9	2	5	165	
1208	8	ICE_TPC_S	3	0	0	79	2	24	9	4	15	207	
1209	8	ICE_TPC_S	3	0	0	96	2	25	9	5	0	208	
1210	8	ICE_TPC_S	3	0	0	78	2	26	9	4	14	206	
1211	8	ICE_TPC_S	3	0	0	97	2	27	9	5	1	209	
1212	8	ICE_TPC_S	3	0	0	77	2	28	9	4	13	205	
1213	8	ICE_TPC_S	3	0	0	98	2	29	9	5	2	210	
1214	8	ICE_TPC_S	3	0	0	76	2	30	9	4	12	204	
1215	8	ICE_TPC_S	3	0	0	99	2	31	9	5	3	211	
1216	8	ICE_TPC_S	3	0	0	75	2	32	9	4	11	203	
1217	8	ICE_TPC_S	3	0	0	100	2	33	9	5	4	212	
1218	8	ICE_TPC_S	3	0	0	74	2	34	9	4	10	202	
1219	8	ICE_TPC_S	3	0	0	101	2	35	9	5	5	213	
1220	8	ICE_TPC_S	3	0	0	95	2	36	9	7	15	255	
1221	8	ICE_TPC_S	3	0	0	112	2	37	9	6	0	224	
1222	8	ICE_TPC_S	3	0	0	94	2	38	9	7	14	254	
1223	8	ICE_TPC_S	3	0	0	113	2	39	9	6	1	225	
1224	8	ICE_TPC_S	3	0	0	93	2	40	9	7	13	253	
1225	8	ICE_TPC_S	3	0	0	114	2	41	9	6	2	226	
1226	8	ICE_TPC_S	3	0	0	92	2	42	9	7	12	252	
1227	8	ICE_TPC_S	3	0	0	115	2	43	9	6	3	227	
1228	8	ICE_TPC_S	3	0	0	91	2	44	9	7	11	251	
1229	8	ICE_TPC_S	3	0	0	116	2	45	9	6	4	228	
1230	8	ICE_TPC_S	3	0	0	90	2	46	9	7	10	250	
1231	8	ICE_TPC_S	3	0	0	117	2	47	9	6	5	229	
1232	8	ICE_TPC_S	3	0	1	31	2	0	10	0	15	15	
1233	8	ICE_TPC_S	3	0	1	48	2	1	10	1	0	16	
1234	8	ICE_TPC_S	3	0	1	30	2	2	10	0	14	14	
1235	8	ICE_TPC_S	3	0	1	49	2	3	10	1	1	17	
1236	8	ICE_TPC_S	3	0	1	29	2	4	10	0	13	13	
1237	8	ICE_TPC_S	3	0	1	50	2	5	10	1	2	18	
1238	8	ICE_TPC_S	3	0	1	28	2	6	10	0	12	12	
1239	8	ICE_TPC_S	3	0	1	51	2	7	10	1	3	19	
1240	8	ICE_TPC_S	3	0	1	27	2	8	10	0	11	11	
1241	8	ICE_TPC_S	3	0	1	52	2	9	10	1	4	20	
1242	8	ICE_TPC_S	3	0	1	26	2	10	10	0	10	10	
1243	8	ICE_TPC_S	3	0	1	53	2	11	10	1	5	21	
1244	8	ICE_TPC_S	3	0	1	15	2	12	10	3	15	63	
1245	8	ICE_TPC_S	3	0	1	32	2	13	10	2	0	32	
1246	8	ICE_TPC_S	3	0	1	14	2	14	10	3	14	62	
1247	8	ICE_TPC_S	3	0	1	33	2	15	10	2	1	33	
1248	8	ICE_TPC_S	3	0	1	13	2	16	10	3	13	61	
1249	8	ICE_TPC_S	3	0	1	34	2	17	10	2	2	34	
1250	8	ICE_TPC_S	3	0	1	12	2	18	10	3	12	60	
1251	8	ICE_TPC_S	3	0	1	35	2	19	10	2	3	35	
1252	8	ICE_TPC_S	3	0	1	11	2	20	10	3	11	59	
1253	8	ICE_TPC_S	3	0	1	36	2	21	10	2	4	36	
1254	8	ICE_TPC_S	3	0	1	10	2	22	10	3	10	58	
1255	8	ICE_TPC_S	3	0	1	37	2	23	10	2	5	37	
1256	8	ICE_TPC_S	3	0	1	79	2	24	10	4	15	79	
1257	8	ICE_TPC_S	3	0	1	96	2	25	10	5	0	80	
1258	8	ICE_TPC_S	3	0	1	78	2	26	10	4	14	78	
1259	8	ICE_TPC_S	3	0	1	97	2	27	10	5	1	81	
1260	8	ICE_TPC_S	3	0	1	77	2	28	10	4	13	77	
1261	8	ICE_TPC_S	3	0	1	98	2	29	10	5	2	82	
1262	8	ICE_TPC_S	3	0	1	76	2	30	10	4	12	76	
1263	8	ICE_TPC_S	3	0	1	99	2	31	10	5	3	83	
1264	8	ICE_TPC_S	3	0	1	75	2	32	10	4	11	75	
1265	8	ICE_TPC_S	3	0	1	100	2	33	10	5	4	84	
1266	8	ICE_TPC_S	3	0	1	74	2	34	10	4	10	74	
1267	8	ICE_TPC_S	3	0	1	101	2	35	10	5	5	85	
1268	8	ICE_TPC_S	3	0	1	95	2	36	10	7	15	127	
1269	8	ICE_TPC_S	3	0	1	112	2	37	10	6	0	96	
1270	8	ICE_TPC_S	3	0	1	94	2	38	10	7	14	126	
1271	8	ICE_TPC_S	3	0	1	113	2	39	10	6	1	97	
1272	8	ICE_TPC_S	3	0	1	93	2	40	10	7	13	125	
1273	8	ICE_TPC_S	3	0	1	114	2	41	10	6	2	98	
1274	8	ICE_TPC_S	3	0	1	92	2	42	10	7	12	124	
1275	8	ICE_TPC_S	3	0	1	115	2	43	10	6	3	99	
1276	8	ICE_TPC_S	3	0	1	91	2	44	10	7	11	123	
1277	8	ICE_TPC_S	3	0	1	116	2	45	10	6	4	100	
1278	8	ICE_TPC_S	3	0	1	90	2	46	10	7	10	122	
1279	8	ICE_TPC_S	3	0	1	117	2	47	10	6	5	101	
